// MilkShape 3D ASCII

Frames: 30
Frame: 1

Meshes: 1
"Sphere01" 0 0
559
0 0.001000 -49.999001 0.000998 0.031250 0.000000 -1
0 0.001000 -49.038265 9.755514 -0.000000 0.062500 -1
0 -1.902012 -49.038265 9.568084 0.062500 0.062500 -1
0 0.001000 -49.999001 0.000998 0.093750 0.000000 -1
0 -3.731892 -49.038265 9.012996 0.125000 0.062500 -1
0 0.001000 -49.999001 0.000998 0.156250 0.000000 -1
0 -5.418320 -49.038265 8.111582 0.187500 0.062500 -1
0 0.001000 -49.999001 0.000998 0.218750 0.000000 -1
0 -6.896485 -49.038265 6.898482 0.250000 0.062500 -1
0 0.001000 -49.999001 0.000998 0.281250 0.000000 -1
0 -8.109584 -49.038265 5.420317 0.312500 0.062500 -1
0 0.001000 -49.999001 0.000998 0.343750 0.000000 -1
0 -9.010998 -49.038265 3.733889 0.375000 0.062500 -1
0 0.001000 -49.999001 0.000998 0.406250 0.000000 -1
0 -9.566086 -49.038265 1.904009 0.437500 0.062500 -1
0 0.001000 -49.999001 0.000998 0.468750 0.000000 -1
0 -9.753516 -49.038265 0.000997 0.500000 0.062500 -1
0 0.001000 -49.999001 0.000998 0.531250 0.000000 -1
0 -9.566086 -49.038265 -1.902015 0.562500 0.062500 -1
0 0.001000 -49.999001 0.000998 0.593750 0.000000 -1
0 -9.010998 -49.038265 -3.731895 0.625000 0.062500 -1
0 0.001000 -49.999001 0.000998 0.656250 0.000000 -1
0 -8.109583 -49.038265 -5.418322 0.687500 0.062500 -1
0 0.001000 -49.999001 0.000998 0.718750 0.000000 -1
0 -6.896484 -49.038265 -6.896488 0.750000 0.062500 -1
0 0.001000 -49.999001 0.000998 0.781250 0.000000 -1
0 -5.418318 -49.038265 -8.109588 0.812500 0.062500 -1
0 0.001000 -49.999001 0.000998 0.843750 0.000000 -1
0 -3.731891 -49.038265 -9.011002 0.875000 0.062500 -1
0 0.001000 -49.999001 0.000998 0.906250 0.000000 -1
0 -1.902011 -49.038265 -9.566089 0.937500 0.062500 -1
0 0.001000 -49.999001 0.000998 0.968750 0.000000 -1
0 0.001001 -49.038265 -9.753519 1.000000 0.062500 -1
0 0.001000 -49.999001 0.000998 1.031250 0.000000 -1
0 1.904013 -49.038265 -9.566089 1.062500 0.062500 -1
0 0.001000 -49.999001 0.000998 1.093750 0.000000 -1
0 3.733893 -49.038265 -9.011001 1.125000 0.062500 -1
0 0.001000 -49.999001 0.000998 1.156250 0.000000 -1
0 5.420320 -49.038265 -8.109586 1.187500 0.062500 -1
0 0.001000 -49.999001 0.000998 1.218750 0.000000 -1
0 6.898486 -49.038265 -6.896486 1.250000 0.062500 -1
0 0.001000 -49.999001 0.000998 1.281250 0.000000 -1
0 8.111586 -49.038265 -5.418320 1.312500 0.062500 -1
0 0.001000 -49.999001 0.000998 1.343750 0.000000 -1
0 9.013000 -49.038265 -3.731893 1.375000 0.062500 -1
0 0.001000 -49.999001 0.000998 1.406250 0.000000 -1
0 9.568087 -49.038265 -1.902012 1.437500 0.062500 -1
0 0.001000 -49.999001 0.000998 1.468750 0.000000 -1
0 9.755517 -49.038265 0.001000 1.500000 0.062500 -1
0 0.001000 -49.999001 0.000998 1.531250 0.000000 -1
0 9.568087 -49.038265 1.904011 1.562500 0.062500 -1
0 0.001000 -49.999001 0.000998 1.593750 0.000000 -1
0 9.012998 -49.038265 3.733891 1.625000 0.062500 -1
0 0.001000 -49.999001 0.000998 1.656250 0.000000 -1
0 8.111584 -49.038265 5.420319 1.687500 0.062500 -1
0 0.001000 -49.999001 0.000998 1.718750 0.000000 -1
0 6.898483 -49.038265 6.898484 1.750000 0.062500 -1
0 0.001000 -49.999001 0.000998 1.781250 0.000000 -1
0 5.420317 -49.038265 8.111583 1.812500 0.062500 -1
0 0.001000 -49.999001 0.000998 1.843750 0.000000 -1
0 3.733890 -49.038265 9.012997 1.875000 0.062500 -1
0 0.001000 -49.999001 0.000998 1.906250 0.000000 -1
0 1.904010 -49.038265 9.568085 1.937500 0.062500 -1
0 0.001000 -49.999001 0.000998 1.968750 0.000000 -1
0 0.001000 -49.038265 9.755514 2.000000 0.062500 -1
0 0.000999 -46.192978 19.135170 -0.000000 0.125000 -1
0 -3.731893 -46.192978 18.767511 0.062500 0.125000 -1
0 -7.321332 -46.192978 17.678667 0.125000 0.125000 -1
0 -10.629377 -46.192978 15.910480 0.187500 0.125000 -1
0 -13.528904 -46.192978 13.530900 0.250000 0.125000 -1
0 -15.908484 -46.192978 10.631373 0.312500 0.125000 -1
0 -17.676672 -46.192978 7.323328 0.375000 0.125000 -1
0 -18.765516 -46.192978 3.733888 0.437500 0.125000 -1
0 -19.133173 -46.192978 0.000996 0.500000 0.125000 -1
0 -18.765514 -46.192978 -3.731896 0.562500 0.125000 -1
0 -17.676670 -46.192978 -7.321334 0.625000 0.125000 -1
0 -15.908482 -46.192978 -10.629381 0.687500 0.125000 -1
0 -13.528901 -46.192978 -13.528907 0.750000 0.125000 -1
0 -10.629375 -46.192978 -15.908486 0.812500 0.125000 -1
0 -7.321329 -46.192978 -17.676674 0.875000 0.125000 -1
0 -3.731889 -46.192978 -18.765518 0.937500 0.125000 -1
0 0.001003 -46.192978 -19.133175 1.000000 0.125000 -1
0 3.733894 -46.192978 -18.765516 1.062500 0.125000 -1
0 7.323333 -46.192978 -17.676672 1.125000 0.125000 -1
0 10.631379 -46.192978 -15.908484 1.187500 0.125000 -1
0 13.530906 -46.192978 -13.528903 1.250000 0.125000 -1
0 15.910485 -46.192978 -10.629376 1.312500 0.125000 -1
0 17.678671 -46.192978 -7.321330 1.375000 0.125000 -1
0 18.767515 -46.192978 -3.731891 1.437500 0.125000 -1
0 19.135172 -46.192978 0.001001 1.500000 0.125000 -1
0 18.767513 -46.192978 3.733893 1.562500 0.125000 -1
0 17.678669 -46.192978 7.323332 1.625000 0.125000 -1
0 15.910481 -46.192978 10.631377 1.687500 0.125000 -1
0 13.530901 -46.192978 13.530903 1.750000 0.125000 -1
0 10.631373 -46.192978 15.910482 1.812500 0.125000 -1
0 7.323327 -46.192978 17.678669 1.875000 0.125000 -1
0 3.733888 -46.192978 18.767513 1.937500 0.125000 -1
0 0.000999 -46.192978 19.135170 2.000000 0.125000 -1
0 0.000999 -41.572479 27.779510 -0.000000 0.187500 -1
0 -5.418321 -41.572479 27.245754 0.062500 0.187500 -1
0 -10.629377 -41.572479 25.664997 0.125000 0.187500 -1
0 -15.431916 -41.572479 23.097986 0.187500 0.187500 -1
0 -19.641376 -41.572479 19.643372 0.250000 0.187500 -1
0 -23.095991 -41.572479 15.433911 0.312500 0.187500 -1
0 -25.663000 -41.572479 10.631373 0.375000 0.187500 -1
0 -27.243757 -41.572479 5.420315 0.437500 0.187500 -1
0 -27.777514 -41.572479 0.000996 0.500000 0.187500 -1
0 -27.243757 -41.572479 -5.418324 0.562500 0.187500 -1
0 -25.662998 -41.572479 -10.629381 0.625000 0.187500 -1
0 -23.095989 -41.572479 -15.431919 0.687500 0.187500 -1
0 -19.641373 -41.572479 -19.641380 0.750000 0.187500 -1
0 -15.431911 -41.572479 -23.095993 0.812500 0.187500 -1
0 -10.629374 -41.572479 -25.663004 0.875000 0.187500 -1
0 -5.418316 -41.572479 -27.243759 0.937500 0.187500 -1
0 0.001004 -41.572479 -27.777515 1.000000 0.187500 -1
0 5.420323 -41.572479 -27.243759 1.062500 0.187500 -1
0 10.631381 -41.572479 -25.663000 1.125000 0.187500 -1
0 15.433919 -41.572479 -23.095989 1.187500 0.187500 -1
0 19.643377 -41.572479 -19.641375 1.250000 0.187500 -1
0 23.097992 -41.572479 -15.431912 1.312500 0.187500 -1
0 25.665001 -41.572479 -10.629374 1.375000 0.187500 -1
0 27.245756 -41.572479 -5.418316 1.437500 0.187500 -1
0 27.779512 -41.572479 0.001003 1.500000 0.187500 -1
0 27.245754 -41.572479 5.420322 1.562500 0.187500 -1
0 25.664997 -41.572479 10.631380 1.625000 0.187500 -1
0 23.097986 -41.572479 15.433918 1.687500 0.187500 -1
0 19.643370 -41.572479 19.643375 1.750000 0.187500 -1
0 15.433910 -41.572479 23.097990 1.812500 0.187500 -1
0 10.631371 -41.572479 25.664999 1.875000 0.187500 -1
0 5.420313 -41.572479 27.245756 1.937500 0.187500 -1
0 0.000999 -41.572479 27.779510 2.000000 0.187500 -1
0 0.000998 -35.354340 35.356339 -0.000000 0.250000 -1
0 -6.896486 -35.354340 34.676994 0.062500 0.250000 -1
0 -13.528904 -35.354340 32.665073 0.125000 0.250000 -1
0 -19.641376 -35.354340 29.397886 0.187500 0.250000 -1
0 -24.999002 -35.354340 25.000996 0.250000 0.250000 -1
0 -29.395891 -35.354340 19.643370 0.312500 0.250000 -1
0 -32.663074 -35.354340 13.530898 0.375000 0.250000 -1
0 -34.674995 -35.354340 6.898480 0.437500 0.250000 -1
0 -35.354340 -35.354340 0.000995 0.500000 0.250000 -1
0 -34.674995 -35.354340 -6.896489 0.562500 0.250000 -1
0 -32.663074 -35.354340 -13.528907 0.625000 0.250000 -1
0 -29.395889 -35.354340 -19.641380 0.687500 0.250000 -1
0 -24.998999 -35.354340 -24.999004 0.750000 0.250000 -1
0 -19.641371 -35.354340 -29.395895 0.812500 0.250000 -1
0 -13.528898 -35.354336 -32.663074 0.875000 0.250000 -1
0 -6.896480 -35.354336 -34.674999 0.937500 0.250000 -1
0 0.001005 -35.354336 -35.354340 1.000000 0.250000 -1
0 6.898489 -35.354336 -34.674995 1.062500 0.250000 -1
0 13.530908 -35.354336 -32.663074 1.125000 0.250000 -1
0 19.643377 -35.354340 -29.395889 1.187500 0.250000 -1
0 25.001003 -35.354340 -24.998999 1.250000 0.250000 -1
0 29.397892 -35.354340 -19.641373 1.312500 0.250000 -1
0 32.665077 -35.354340 -13.528898 1.375000 0.250000 -1
0 34.676998 -35.354340 -6.896480 1.437500 0.250000 -1
0 35.356339 -35.354340 0.001005 1.500000 0.250000 -1
0 34.676994 -35.354340 6.898489 1.562500 0.250000 -1
0 32.665070 -35.354340 13.530907 1.625000 0.250000 -1
0 29.397886 -35.354340 19.643377 1.687500 0.250000 -1
0 25.000994 -35.354340 25.001003 1.750000 0.250000 -1
0 19.643368 -35.354340 29.397892 1.812500 0.250000 -1
0 13.530896 -35.354340 32.665077 1.875000 0.250000 -1
0 6.898477 -35.354340 34.676998 1.937500 0.250000 -1
0 0.000998 -35.354340 35.356339 2.000000 0.250000 -1
0 0.000998 -27.777514 41.574482 -0.000000 0.312500 -1
0 -8.109586 -27.777514 40.775658 0.062500 0.312500 -1
0 -15.908484 -27.777514 38.409889 0.125000 0.312500 -1
0 -23.095991 -27.777514 34.568085 0.187500 0.312500 -1
0 -29.395893 -27.777512 29.397888 0.250000 0.312500 -1
0 -34.566090 -27.777512 23.097986 0.312500 0.312500 -1
0 -38.407890 -27.777512 15.910479 0.375000 0.312500 -1
0 -40.773663 -27.777512 8.111579 0.437500 0.312500 -1
0 -41.572483 -27.777512 0.000995 0.500000 0.312500 -1
0 -40.773659 -27.777512 -8.109590 0.562500 0.312500 -1
0 -38.407890 -27.777510 -15.908488 0.625000 0.312500 -1
0 -34.566086 -27.777510 -23.095993 0.687500 0.312500 -1
0 -29.395889 -27.777510 -29.395895 0.750000 0.312500 -1
0 -23.095985 -27.777510 -34.566090 0.812500 0.312500 -1
0 -15.908478 -27.777510 -38.407890 0.875000 0.312500 -1
0 -8.109578 -27.777510 -40.773663 0.937500 0.312500 -1
0 0.001005 -27.777510 -41.572483 1.000000 0.312500 -1
0 8.111590 -27.777510 -40.773659 1.062500 0.312500 -1
0 15.910489 -27.777510 -38.407887 1.125000 0.312500 -1
0 23.097994 -27.777510 -34.566086 1.187500 0.312500 -1
0 29.397896 -27.777510 -29.395887 1.250000 0.312500 -1
0 34.568092 -27.777510 -23.095984 1.312500 0.312500 -1
0 38.409893 -27.777510 -15.908478 1.375000 0.312500 -1
0 40.775661 -27.777512 -8.109579 1.437500 0.312500 -1
0 41.574482 -27.777512 0.001006 1.500000 0.312500 -1
0 40.775658 -27.777512 8.111590 1.562500 0.312500 -1
0 38.409885 -27.777512 15.910489 1.625000 0.312500 -1
0 34.568081 -27.777512 23.097996 1.687500 0.312500 -1
0 29.397884 -27.777512 29.397896 1.750000 0.312500 -1
0 23.097982 -27.777514 34.568092 1.812500 0.312500 -1
0 15.910476 -27.777514 38.409893 1.875000 0.312500 -1
0 8.111576 -27.777514 40.775661 1.937500 0.312500 -1
0 0.000998 -27.777514 41.574482 2.000000 0.312500 -1
0 0.000998 -19.133173 46.194977 -0.000000 0.375000 -1
0 -9.011000 -19.133173 45.307373 0.062500 0.375000 -1
0 -17.676672 -19.133173 42.678669 0.125000 0.375000 -1
0 -25.663002 -19.133173 38.409885 0.187500 0.375000 -1
0 -32.663078 -19.133171 32.665073 0.250000 0.375000 -1
0 -38.407890 -19.133171 25.664995 0.312500 0.375000 -1
0 -42.676674 -19.133171 17.678665 0.375000 0.375000 -1
0 -45.305374 -19.133171 9.012994 0.437500 0.375000 -1
0 -46.192978 -19.133171 0.000995 0.500000 0.375000 -1
0 -45.305374 -19.133171 -9.011003 0.562500 0.375000 -1
0 -42.676670 -19.133169 -17.676674 0.625000 0.375000 -1
0 -38.407887 -19.133169 -25.663004 0.687500 0.375000 -1
0 -32.663071 -19.133169 -32.663078 0.750000 0.375000 -1
0 -25.662994 -19.133169 -38.407890 0.812500 0.375000 -1
0 -17.676664 -19.133169 -42.676674 0.875000 0.375000 -1
0 -9.010992 -19.133169 -45.305374 0.937500 0.375000 -1
0 0.001006 -19.133169 -46.192978 1.000000 0.375000 -1
0 9.013004 -19.133169 -45.305374 1.062500 0.375000 -1
0 17.678675 -19.133169 -42.676670 1.125000 0.375000 -1
0 25.665005 -19.133169 -38.407887 1.187500 0.375000 -1
0 32.665077 -19.133169 -32.663071 1.250000 0.375000 -1
0 38.409893 -19.133169 -25.662992 1.312500 0.375000 -1
0 42.678673 -19.133169 -17.676662 1.375000 0.375000 -1
0 45.307373 -19.133171 -9.010991 1.437500 0.375000 -1
0 46.194977 -19.133171 0.001007 1.500000 0.375000 -1
0 45.307369 -19.133171 9.013005 1.562500 0.375000 -1
0 42.678665 -19.133171 17.678677 1.625000 0.375000 -1
0 38.409882 -19.133171 25.665005 1.687500 0.375000 -1
0 32.665066 -19.133171 32.665081 1.750000 0.375000 -1
0 25.664991 -19.133173 38.409893 1.812500 0.375000 -1
0 17.678661 -19.133173 42.678673 1.875000 0.375000 -1
0 9.012989 -19.133173 45.307373 1.937500 0.375000 -1
0 0.000998 -19.133173 46.194977 2.000000 0.375000 -1
0 0.000998 -9.753517 49.040264 -0.000000 0.437500 -1
0 -9.566088 -9.753517 48.097988 0.062500 0.437500 -1
0 -18.765516 -9.753517 45.307373 0.125000 0.437500 -1
0 -27.243759 -9.753516 40.775658 0.187500 0.437500 -1
0 -34.674999 -9.753516 34.676994 0.250000 0.437500 -1
0 -40.773663 -9.753516 27.245752 0.312500 0.437500 -1
0 -45.305374 -9.753515 18.767509 0.375000 0.437500 -1
0 -48.095989 -9.753515 9.568082 0.437500 0.437500 -1
0 -49.038265 -9.753514 0.000995 0.500000 0.437500 -1
0 -48.095989 -9.753514 -9.566091 0.562500 0.437500 -1
0 -45.305370 -9.753514 -18.765518 0.625000 0.437500 -1
0 -40.773655 -9.753513 -27.243761 0.687500 0.437500 -1
0 -34.674992 -9.753513 -34.674999 0.750000 0.437500 -1
0 -27.243752 -9.753513 -40.773663 0.812500 0.437500 -1
0 -18.765509 -9.753512 -45.305374 0.875000 0.437500 -1
0 -9.566079 -9.753512 -48.095989 0.937500 0.437500 -1
0 0.001006 -9.753512 -49.038265 1.000000 0.437500 -1
0 9.568093 -9.753512 -48.095989 1.062500 0.437500 -1
0 18.767521 -9.753512 -45.305370 1.125000 0.437500 -1
0 27.245762 -9.753513 -40.773655 1.187500 0.437500 -1
0 34.677002 -9.753513 -34.674992 1.250000 0.437500 -1
0 40.775661 -9.753513 -27.243750 1.312500 0.437500 -1
0 45.307377 -9.753514 -18.765507 1.375000 0.437500 -1
0 48.097988 -9.753514 -9.566078 1.437500 0.437500 -1
0 49.040264 -9.753514 0.001008 1.500000 0.437500 -1
0 48.097988 -9.753515 9.568094 1.562500 0.437500 -1
0 45.307369 -9.753515 18.767523 1.625000 0.437500 -1
0 40.775654 -9.753516 27.245764 1.687500 0.437500 -1
0 34.676991 -9.753516 34.677002 1.750000 0.437500 -1
0 27.245747 -9.753516 40.775661 1.812500 0.437500 -1
0 18.767504 -9.753517 45.307377 1.875000 0.437500 -1
0 9.568076 -9.753517 48.097992 1.937500 0.437500 -1
0 0.000998 -9.753517 49.040264 2.000000 0.437500 -1
0 0.000998 0.001000 50.000999 -0.000000 0.500000 -1
0 -9.753518 0.001000 49.040264 0.062500 0.500000 -1
0 -19.133175 0.001000 46.194977 0.125000 0.500000 -1
0 -27.777515 0.001000 41.574478 0.187500 0.500000 -1
0 -35.354343 0.001001 35.356335 0.250000 0.500000 -1
0 -41.572483 0.001001 27.779509 0.312500 0.500000 -1
0 -46.192978 0.001001 19.135168 0.375000 0.500000 -1
0 -49.038265 0.001002 9.755512 0.437500 0.500000 -1
0 -49.999001 0.001002 0.000996 0.500000 0.500000 -1
0 -49.038265 0.001003 -9.753520 0.562500 0.500000 -1
0 -46.192974 0.001003 -19.133177 0.625000 0.500000 -1
0 -41.572479 0.001003 -27.777517 0.687500 0.500000 -1
0 -35.354336 0.001004 -35.354343 0.750000 0.500000 -1
0 -27.777508 0.001004 -41.572483 0.812500 0.500000 -1
0 -19.133167 0.001004 -46.192978 0.875000 0.500000 -1
0 -9.753510 0.001004 -49.038265 0.937500 0.500000 -1
0 0.001007 0.001004 -49.999001 1.000000 0.500000 -1
0 9.755523 0.001004 -49.038261 1.062500 0.500000 -1
0 19.135178 0.001004 -46.192974 1.125000 0.500000 -1
0 27.779518 0.001004 -41.572475 1.187500 0.500000 -1
0 35.356342 0.001004 -35.354336 1.250000 0.500000 -1
0 41.574486 0.001003 -27.777506 1.312500 0.500000 -1
0 46.194981 0.001003 -19.133165 1.375000 0.500000 -1
0 49.040264 0.001003 -9.753508 1.437500 0.500000 -1
0 50.000999 0.001002 0.001009 1.500000 0.500000 -1
0 49.040260 0.001002 9.755526 1.562500 0.500000 -1
0 46.194973 0.001001 19.135180 1.625000 0.500000 -1
0 41.574474 0.001001 27.779518 1.687500 0.500000 -1
0 35.356331 0.001001 35.356346 1.750000 0.500000 -1
0 27.779503 0.001000 41.574486 1.812500 0.500000 -1
0 19.135162 0.001000 46.194981 1.875000 0.500000 -1
0 9.755507 0.001000 49.040264 1.937500 0.500000 -1
0 0.000998 0.001000 50.000999 2.000000 0.500000 -1
0 0.000998 9.755516 49.040264 -0.000000 0.562500 -1
0 -9.566088 9.755516 48.097988 0.062500 0.562500 -1
0 -18.765516 9.755516 45.307373 0.125000 0.562500 -1
0 -27.243759 9.755517 40.775658 0.187500 0.562500 -1
0 -34.674999 9.755517 34.676994 0.250000 0.562500 -1
0 -40.773663 9.755517 27.245754 0.312500 0.562500 -1
0 -45.305374 9.755518 18.767511 0.375000 0.562500 -1
0 -48.095989 9.755518 9.568083 0.437500 0.562500 -1
0 -49.038265 9.755519 0.000996 0.500000 0.562500 -1
0 -48.095989 9.755519 -9.566090 0.562500 0.562500 -1
0 -45.305370 9.755519 -18.765516 0.625000 0.562500 -1
0 -40.773655 9.755520 -27.243759 0.687500 0.562500 -1
0 -34.674992 9.755520 -34.674999 0.750000 0.562500 -1
0 -27.243752 9.755520 -40.773663 0.812500 0.562500 -1
0 -18.765509 9.755521 -45.305374 0.875000 0.562500 -1
0 -9.566079 9.755521 -48.095989 0.937500 0.562500 -1
0 0.001006 9.755521 -49.038265 1.000000 0.562500 -1
0 9.568093 9.755521 -48.095989 1.062500 0.562500 -1
0 18.767521 9.755521 -45.305370 1.125000 0.562500 -1
0 27.245762 9.755520 -40.773655 1.187500 0.562500 -1
0 34.677002 9.755520 -34.674992 1.250000 0.562500 -1
0 40.775661 9.755520 -27.243748 1.312500 0.562500 -1
0 45.307377 9.755519 -18.765505 1.375000 0.562500 -1
0 48.097988 9.755519 -9.566077 1.437500 0.562500 -1
0 49.040264 9.755519 0.001009 1.500000 0.562500 -1
0 48.097988 9.755518 9.568095 1.562500 0.562500 -1
0 45.307369 9.755518 18.767525 1.625000 0.562500 -1
0 40.775654 9.755517 27.245766 1.687500 0.562500 -1
0 34.676991 9.755517 34.677002 1.750000 0.562500 -1
0 27.245747 9.755517 40.775661 1.812500 0.562500 -1
0 18.767504 9.755516 45.307377 1.875000 0.562500 -1
0 9.568076 9.755516 48.097992 1.937500 0.562500 -1
0 0.000998 9.755516 49.040264 2.000000 0.562500 -1
0 0.000998 19.135172 46.194977 -0.000000 0.625000 -1
0 -9.011000 19.135172 45.307373 0.062500 0.625000 -1
0 -17.676672 19.135172 42.678669 0.125000 0.625000 -1
0 -25.663002 19.135172 38.409885 0.187500 0.625000 -1
0 -32.663078 19.135174 32.665073 0.250000 0.625000 -1
0 -38.407890 19.135174 25.664997 0.312500 0.625000 -1
0 -42.676674 19.135174 17.678667 0.375000 0.625000 -1
0 -45.305374 19.135174 9.012995 0.437500 0.625000 -1
0 -46.192978 19.135174 0.000997 0.500000 0.625000 -1
0 -45.305374 19.135174 -9.011002 0.562500 0.625000 -1
0 -42.676670 19.135176 -17.676672 0.625000 0.625000 -1
0 -38.407887 19.135176 -25.663002 0.687500 0.625000 -1
0 -32.663071 19.135176 -32.663078 0.750000 0.625000 -1
0 -25.662994 19.135176 -38.407890 0.812500 0.625000 -1
0 -17.676664 19.135176 -42.676674 0.875000 0.625000 -1
0 -9.010992 19.135176 -45.305374 0.937500 0.625000 -1
0 0.001006 19.135176 -46.192978 1.000000 0.625000 -1
0 9.013004 19.135176 -45.305374 1.062500 0.625000 -1
0 17.678675 19.135176 -42.676670 1.125000 0.625000 -1
0 25.665005 19.135176 -38.407887 1.187500 0.625000 -1
0 32.665077 19.135176 -32.663071 1.250000 0.625000 -1
0 38.409893 19.135176 -25.662991 1.312500 0.625000 -1
0 42.678673 19.135176 -17.676661 1.375000 0.625000 -1
0 45.307373 19.135174 -9.010990 1.437500 0.625000 -1
0 46.194977 19.135174 0.001009 1.500000 0.625000 -1
0 45.307369 19.135174 9.013006 1.562500 0.625000 -1
0 42.678665 19.135174 17.678679 1.625000 0.625000 -1
0 38.409882 19.135174 25.665007 1.687500 0.625000 -1
0 32.665066 19.135174 32.665081 1.750000 0.625000 -1
0 25.664991 19.135172 38.409893 1.812500 0.625000 -1
0 17.678661 19.135172 42.678673 1.875000 0.625000 -1
0 9.012989 19.135172 45.307373 1.937500 0.625000 -1
0 0.000998 19.135172 46.194977 2.000000 0.625000 -1
0 0.000998 27.779512 41.574478 -0.000000 0.687500 -1
0 -8.109585 27.779512 40.775654 0.062500 0.687500 -1
0 -15.908484 27.779512 38.409885 0.125000 0.687500 -1
0 -23.095989 27.779512 34.568081 0.187500 0.687500 -1
0 -29.395891 27.779514 29.397888 0.250000 0.687500 -1
0 -34.566086 27.779514 23.097986 0.312500 0.687500 -1
0 -38.407887 27.779514 15.910480 0.375000 0.687500 -1
0 -40.773659 27.779514 8.111582 0.437500 0.687500 -1
0 -41.572479 27.779514 0.000998 0.500000 0.687500 -1
0 -40.773655 27.779514 -8.109586 0.562500 0.687500 -1
0 -38.407887 27.779516 -15.908484 0.625000 0.687500 -1
0 -34.566082 27.779516 -23.095989 0.687500 0.687500 -1
0 -29.395885 27.779516 -29.395891 0.750000 0.687500 -1
0 -23.095984 27.779516 -34.566086 0.812500 0.687500 -1
0 -15.908477 27.779516 -38.407890 0.875000 0.687500 -1
0 -8.109578 27.779516 -40.773659 0.937500 0.687500 -1
0 0.001005 27.779516 -41.572479 1.000000 0.687500 -1
0 8.111589 27.779516 -40.773655 1.062500 0.687500 -1
0 15.910487 27.779516 -38.407883 1.125000 0.687500 -1
0 23.097992 27.779516 -34.566082 1.187500 0.687500 -1
0 29.397892 27.779516 -29.395884 1.250000 0.687500 -1
0 34.568089 27.779516 -23.095980 1.312500 0.687500 -1
0 38.409889 27.779516 -15.908474 1.375000 0.687500 -1
0 40.775658 27.779514 -8.109575 1.437500 0.687500 -1
0 41.574478 27.779514 0.001008 1.500000 0.687500 -1
0 40.775654 27.779514 8.111592 1.562500 0.687500 -1
0 38.409882 27.779514 15.910490 1.625000 0.687500 -1
0 34.568081 27.779514 23.097996 1.687500 0.687500 -1
0 29.397882 27.779514 29.397896 1.750000 0.687500 -1
0 23.097980 27.779512 34.568089 1.812500 0.687500 -1
0 15.910474 27.779512 38.409889 1.875000 0.687500 -1
0 8.111575 27.779512 40.775658 1.937500 0.687500 -1
0 0.000998 27.779512 41.574478 2.000000 0.687500 -1
0 0.000998 35.356342 35.356339 -0.000000 0.750000 -1
0 -6.896485 35.356342 34.676994 0.062500 0.750000 -1
0 -13.528902 35.356342 32.665073 0.125000 0.750000 -1
0 -19.641375 35.356342 29.397886 0.187500 0.750000 -1
0 -24.998999 35.356342 25.000998 0.250000 0.750000 -1
0 -29.395889 35.356342 19.643372 0.312500 0.750000 -1
0 -32.663071 35.356342 13.530900 0.375000 0.750000 -1
0 -34.674992 35.356342 6.898482 0.437500 0.750000 -1
0 -35.354336 35.356342 0.000998 0.500000 0.750000 -1
0 -34.674992 35.356342 -6.896486 0.562500 0.750000 -1
0 -32.663071 35.356342 -13.528903 0.625000 0.750000 -1
0 -29.395885 35.356342 -19.641373 0.687500 0.750000 -1
0 -24.998995 35.356342 -24.998999 0.750000 0.750000 -1
0 -19.641369 35.356342 -29.395887 0.812500 0.750000 -1
0 -13.528896 35.356346 -32.663071 0.875000 0.750000 -1
0 -6.896480 35.356346 -34.674992 0.937500 0.750000 -1
0 0.001005 35.356346 -35.354332 1.000000 0.750000 -1
0 6.898489 35.356346 -34.674988 1.062500 0.750000 -1
0 13.530906 35.356346 -32.663067 1.125000 0.750000 -1
0 19.643375 35.356342 -29.395884 1.187500 0.750000 -1
0 25.001001 35.356342 -24.998993 1.250000 0.750000 -1
0 29.397890 35.356342 -19.641365 1.312500 0.750000 -1
0 32.665073 35.356342 -13.528894 1.375000 0.750000 -1
0 34.676994 35.356342 -6.896476 1.437500 0.750000 -1
0 35.356335 35.356342 0.001008 1.500000 0.750000 -1
0 34.676991 35.356342 6.898491 1.562500 0.750000 -1
0 32.665066 35.356342 13.530909 1.625000 0.750000 -1
0 29.397882 35.356342 19.643379 1.687500 0.750000 -1
0 25.000992 35.356342 25.001003 1.750000 0.750000 -1
0 19.643366 35.356342 29.397892 1.812500 0.750000 -1
0 13.530894 35.356342 32.665077 1.875000 0.750000 -1
0 6.898476 35.356342 34.676998 1.937500 0.750000 -1
0 0.000998 35.356342 35.356339 2.000000 0.750000 -1
0 0.000999 41.574482 27.779510 -0.000000 0.812500 -1
0 -5.418320 41.574482 27.245754 0.062500 0.812500 -1
0 -10.629376 41.574482 25.664997 0.125000 0.812500 -1
0 -15.431913 41.574482 23.097986 0.187500 0.812500 -1
0 -19.641375 41.574482 19.643372 0.250000 0.812500 -1
0 -23.095987 41.574482 15.433912 0.312500 0.812500 -1
0 -25.662998 41.574482 10.631374 0.375000 0.812500 -1
0 -27.243753 41.574482 5.420318 0.437500 0.812500 -1
0 -27.777510 41.574482 0.000999 0.500000 0.812500 -1
0 -27.243753 41.574482 -5.418319 0.562500 0.812500 -1
0 -25.662996 41.574482 -10.629376 0.625000 0.812500 -1
0 -23.095985 41.574482 -15.431913 0.687500 0.812500 -1
0 -19.641371 41.574482 -19.641373 0.750000 0.812500 -1
0 -15.431910 41.574482 -23.095987 0.812500 0.812500 -1
0 -10.629372 41.574482 -25.662996 0.875000 0.812500 -1
0 -5.418315 41.574482 -27.243752 0.937500 0.812500 -1
0 0.001004 41.574482 -27.777508 1.000000 0.812500 -1
0 5.420322 41.574482 -27.243752 1.062500 0.812500 -1
0 10.631379 41.574482 -25.662992 1.125000 0.812500 -1
0 15.433917 41.574482 -23.095984 1.187500 0.812500 -1
0 19.643375 41.574482 -19.641367 1.250000 0.812500 -1
0 23.097988 41.574482 -15.431908 1.312500 0.812500 -1
0 25.664997 41.574482 -10.629370 1.375000 0.812500 -1
0 27.245752 41.574482 -5.418312 1.437500 0.812500 -1
0 27.779509 41.574482 0.001007 1.500000 0.812500 -1
0 27.245750 41.574482 5.420325 1.562500 0.812500 -1
0 25.664993 41.574482 10.631381 1.625000 0.812500 -1
0 23.097982 41.574482 15.433919 1.687500 0.812500 -1
0 19.643368 41.574482 19.643377 1.750000 0.812500 -1
0 15.433908 41.574482 23.097990 1.812500 0.812500 -1
0 10.631371 41.574482 25.664999 1.875000 0.812500 -1
0 5.420312 41.574482 27.245756 1.937500 0.812500 -1
0 0.000999 41.574482 27.779510 2.000000 0.812500 -1
0 0.000999 46.194977 19.135170 -0.000000 0.875000 -1
0 -3.731892 46.194977 18.767511 0.062500 0.875000 -1
0 -7.321331 46.194977 17.678667 0.125000 0.875000 -1
0 -10.629375 46.194977 15.910481 0.187500 0.875000 -1
0 -13.528901 46.194977 13.530902 0.250000 0.875000 -1
0 -15.908480 46.194977 10.631375 0.312500 0.875000 -1
0 -17.676668 46.194977 7.323330 0.375000 0.875000 -1
0 -18.765512 46.194977 3.733892 0.437500 0.875000 -1
0 -19.133169 46.194977 0.001000 0.500000 0.875000 -1
0 -18.765511 46.194977 -3.731891 0.562500 0.875000 -1
0 -17.676666 46.194977 -7.321329 0.625000 0.875000 -1
0 -15.908479 46.194977 -10.629374 0.687500 0.875000 -1
0 -13.528898 46.194977 -13.528899 0.750000 0.875000 -1
0 -10.629373 46.194977 -15.908479 0.812500 0.875000 -1
0 -7.321327 46.194977 -17.676666 0.875000 0.875000 -1
0 -3.731889 46.194977 -18.765511 0.937500 0.875000 -1
0 0.001003 46.194977 -19.133167 1.000000 0.875000 -1
0 3.733894 46.194977 -18.765509 1.062500 0.875000 -1
0 7.323332 46.194977 -17.676664 1.125000 0.875000 -1
0 10.631377 46.194977 -15.908476 1.187500 0.875000 -1
0 13.530903 46.194977 -13.528896 1.250000 0.875000 -1
0 15.910481 46.194977 -10.629370 1.312500 0.875000 -1
0 17.678667 46.194977 -7.321325 1.375000 0.875000 -1
0 18.767511 46.194977 -3.731886 1.437500 0.875000 -1
0 19.135168 46.194977 0.001005 1.500000 0.875000 -1
0 18.767509 46.194977 3.733896 1.562500 0.875000 -1
0 17.678665 46.194977 7.323334 1.625000 0.875000 -1
0 15.910479 46.194977 10.631380 1.687500 0.875000 -1
0 13.530898 46.194977 13.530906 1.750000 0.875000 -1
0 10.631371 46.194977 15.910484 1.812500 0.875000 -1
0 7.323326 46.194977 17.678669 1.875000 0.875000 -1
0 3.733887 46.194977 18.767513 1.937500 0.875000 -1
0 0.000999 46.194977 19.135170 2.000000 0.875000 -1
0 0.001000 49.040264 9.755514 -0.000000 0.937500 -1
0 -1.902011 49.040264 9.568084 0.062500 0.937500 -1
0 -3.731891 49.040264 9.012996 0.125000 0.937500 -1
0 -5.418317 49.040264 8.111582 0.187500 0.937500 -1
0 -6.896482 49.040264 6.898483 0.250000 0.937500 -1
0 -8.109580 49.040264 5.420318 0.312500 0.937500 -1
0 -9.010994 49.040264 3.733891 0.375000 0.937500 -1
0 -9.566081 49.040264 1.904012 0.437500 0.937500 -1
0 -9.753511 49.040264 0.001001 0.500000 0.937500 -1
0 -9.566081 49.040264 -1.902010 0.562500 0.937500 -1
0 -9.010993 49.040264 -3.731889 0.625000 0.937500 -1
0 -8.109579 49.040264 -5.418315 0.687500 0.937500 -1
0 -6.896481 49.040264 -6.896480 0.750000 0.937500 -1
0 -5.418315 49.040264 -8.109578 0.812500 0.937500 -1
0 -3.731889 49.040264 -9.010992 0.875000 0.937500 -1
0 -1.902010 49.040264 -9.566079 0.937500 0.937500 -1
0 0.001001 49.040264 -9.753510 1.000000 0.937500 -1
0 1.904012 49.040264 -9.566079 1.062500 0.937500 -1
0 3.733891 49.040264 -9.010991 1.125000 0.937500 -1
0 5.420318 49.040264 -8.109577 1.187500 0.937500 -1
0 6.898482 49.040264 -6.896478 1.250000 0.937500 -1
0 8.111582 49.040264 -5.418313 1.312500 0.937500 -1
0 9.012995 49.040264 -3.731887 1.375000 0.937500 -1
0 9.568083 49.040264 -1.902007 1.437500 0.937500 -1
0 9.755512 49.040264 0.001004 1.500000 0.937500 -1
0 9.568082 49.040264 1.904015 1.562500 0.937500 -1
0 9.012994 49.040264 3.733894 1.625000 0.937500 -1
0 8.111580 49.040264 5.420321 1.687500 0.937500 -1
0 6.898480 49.040264 6.898485 1.750000 0.937500 -1
0 5.420315 49.040264 8.111584 1.812500 0.937500 -1
0 3.733888 49.040264 9.012997 1.875000 0.937500 -1
0 1.904009 49.040264 9.568085 1.937500 0.937500 -1
0 0.001000 49.040264 9.755514 2.000000 0.937500 -1
0 0.001000 50.000999 0.001002 0.031250 1.000000 -1
0 0.001000 50.000999 0.001002 0.093750 1.000000 -1
0 0.001000 50.000999 0.001002 0.156250 1.000000 -1
0 0.001000 50.000999 0.001002 0.218750 1.000000 -1
0 0.001000 50.000999 0.001002 0.281250 1.000000 -1
0 0.001000 50.000999 0.001002 0.343750 1.000000 -1
0 0.001000 50.000999 0.001002 0.406250 1.000000 -1
0 0.001000 50.000999 0.001002 0.468750 1.000000 -1
0 0.001000 50.000999 0.001002 0.531250 1.000000 -1
0 0.001000 50.000999 0.001002 0.593750 1.000000 -1
0 0.001000 50.000999 0.001002 0.656250 1.000000 -1
0 0.001000 50.000999 0.001002 0.718750 1.000000 -1
0 0.001000 50.000999 0.001002 0.781250 1.000000 -1
0 0.001000 50.000999 0.001002 0.843750 1.000000 -1
0 0.001000 50.000999 0.001002 0.906250 1.000000 -1
0 0.001000 50.000999 0.001002 0.968750 1.000000 -1
0 0.001000 50.000999 0.001002 1.031250 1.000000 -1
0 0.001000 50.000999 0.001002 1.093750 1.000000 -1
0 0.001000 50.000999 0.001002 1.156250 1.000000 -1
0 0.001000 50.000999 0.001002 1.218750 1.000000 -1
0 0.001000 50.000999 0.001002 1.281250 1.000000 -1
0 0.001000 50.000999 0.001002 1.343750 1.000000 -1
0 0.001000 50.000999 0.001002 1.406250 1.000000 -1
0 0.001000 50.000999 0.001002 1.468750 1.000000 -1
0 0.001000 50.000999 0.001002 1.531250 1.000000 -1
0 0.001000 50.000999 0.001002 1.593750 1.000000 -1
0 0.001000 50.000999 0.001002 1.656250 1.000000 -1
0 0.001000 50.000999 0.001002 1.718750 1.000000 -1
0 0.001000 50.000999 0.001002 1.781250 1.000000 -1
0 0.001000 50.000999 0.001002 1.843750 1.000000 -1
0 0.001000 50.000999 0.001002 1.906250 1.000000 -1
0 0.001000 50.000999 0.001002 1.968750 1.000000 -1
1
0.000000 0.000000 0.000000
960
0 0 1 2 0 0 0 1
0 3 2 4 0 0 0 1
0 5 4 6 0 0 0 1
0 7 6 8 0 0 0 1
0 9 8 10 0 0 0 1
0 11 10 12 0 0 0 1
0 13 12 14 0 0 0 1
0 15 14 16 0 0 0 1
0 17 16 18 0 0 0 1
0 19 18 20 0 0 0 1
0 21 20 22 0 0 0 1
0 23 22 24 0 0 0 1
0 25 24 26 0 0 0 1
0 27 26 28 0 0 0 1
0 29 28 30 0 0 0 1
0 31 30 32 0 0 0 1
0 33 32 34 0 0 0 1
0 35 34 36 0 0 0 1
0 37 36 38 0 0 0 1
0 39 38 40 0 0 0 1
0 41 40 42 0 0 0 1
0 43 42 44 0 0 0 1
0 45 44 46 0 0 0 1
0 47 46 48 0 0 0 1
0 49 48 50 0 0 0 1
0 51 50 52 0 0 0 1
0 53 52 54 0 0 0 1
0 55 54 56 0 0 0 1
0 57 56 58 0 0 0 1
0 59 58 60 0 0 0 1
0 61 60 62 0 0 0 1
0 63 62 64 0 0 0 1
0 1 65 66 0 0 0 1
0 1 66 2 0 0 0 1
0 2 66 67 0 0 0 1
0 2 67 4 0 0 0 1
0 4 67 68 0 0 0 1
0 4 68 6 0 0 0 1
0 6 68 69 0 0 0 1
0 6 69 8 0 0 0 1
0 8 69 70 0 0 0 1
0 8 70 10 0 0 0 1
0 10 70 71 0 0 0 1
0 10 71 12 0 0 0 1
0 12 71 72 0 0 0 1
0 12 72 14 0 0 0 1
0 14 72 73 0 0 0 1
0 14 73 16 0 0 0 1
0 16 73 74 0 0 0 1
0 16 74 18 0 0 0 1
0 18 74 75 0 0 0 1
0 18 75 20 0 0 0 1
0 20 75 76 0 0 0 1
0 20 76 22 0 0 0 1
0 22 76 77 0 0 0 1
0 22 77 24 0 0 0 1
0 24 77 78 0 0 0 1
0 24 78 26 0 0 0 1
0 26 78 79 0 0 0 1
0 26 79 28 0 0 0 1
0 28 79 80 0 0 0 1
0 28 80 30 0 0 0 1
0 30 80 81 0 0 0 1
0 30 81 32 0 0 0 1
0 32 81 82 0 0 0 1
0 32 82 34 0 0 0 1
0 34 82 83 0 0 0 1
0 34 83 36 0 0 0 1
0 36 83 84 0 0 0 1
0 36 84 38 0 0 0 1
0 38 84 85 0 0 0 1
0 38 85 40 0 0 0 1
0 40 85 86 0 0 0 1
0 40 86 42 0 0 0 1
0 42 86 87 0 0 0 1
0 42 87 44 0 0 0 1
0 44 87 88 0 0 0 1
0 44 88 46 0 0 0 1
0 46 88 89 0 0 0 1
0 46 89 48 0 0 0 1
0 48 89 90 0 0 0 1
0 48 90 50 0 0 0 1
0 50 90 91 0 0 0 1
0 50 91 52 0 0 0 1
0 52 91 92 0 0 0 1
0 52 92 54 0 0 0 1
0 54 92 93 0 0 0 1
0 54 93 56 0 0 0 1
0 56 93 94 0 0 0 1
0 56 94 58 0 0 0 1
0 58 94 95 0 0 0 1
0 58 95 60 0 0 0 1
0 60 95 96 0 0 0 1
0 60 96 62 0 0 0 1
0 62 96 97 0 0 0 1
0 62 97 64 0 0 0 1
0 65 98 99 0 0 0 1
0 65 99 66 0 0 0 1
0 66 99 100 0 0 0 1
0 66 100 67 0 0 0 1
0 67 100 101 0 0 0 1
0 67 101 68 0 0 0 1
0 68 101 102 0 0 0 1
0 68 102 69 0 0 0 1
0 69 102 103 0 0 0 1
0 69 103 70 0 0 0 1
0 70 103 104 0 0 0 1
0 70 104 71 0 0 0 1
0 71 104 105 0 0 0 1
0 71 105 72 0 0 0 1
0 72 105 106 0 0 0 1
0 72 106 73 0 0 0 1
0 73 106 107 0 0 0 1
0 73 107 74 0 0 0 1
0 74 107 108 0 0 0 1
0 74 108 75 0 0 0 1
0 75 108 109 0 0 0 1
0 75 109 76 0 0 0 1
0 76 109 110 0 0 0 1
0 76 110 77 0 0 0 1
0 77 110 111 0 0 0 1
0 77 111 78 0 0 0 1
0 78 111 112 0 0 0 1
0 78 112 79 0 0 0 1
0 79 112 113 0 0 0 1
0 79 113 80 0 0 0 1
0 80 113 114 0 0 0 1
0 80 114 81 0 0 0 1
0 81 114 115 0 0 0 1
0 81 115 82 0 0 0 1
0 82 115 116 0 0 0 1
0 82 116 83 0 0 0 1
0 83 116 117 0 0 0 1
0 83 117 84 0 0 0 1
0 84 117 118 0 0 0 1
0 84 118 85 0 0 0 1
0 85 118 119 0 0 0 1
0 85 119 86 0 0 0 1
0 86 119 120 0 0 0 1
0 86 120 87 0 0 0 1
0 87 120 121 0 0 0 1
0 87 121 88 0 0 0 1
0 88 121 122 0 0 0 1
0 88 122 89 0 0 0 1
0 89 122 123 0 0 0 1
0 89 123 90 0 0 0 1
0 90 123 124 0 0 0 1
0 90 124 91 0 0 0 1
0 91 124 125 0 0 0 1
0 91 125 92 0 0 0 1
0 92 125 126 0 0 0 1
0 92 126 93 0 0 0 1
0 93 126 127 0 0 0 1
0 93 127 94 0 0 0 1
0 94 127 128 0 0 0 1
0 94 128 95 0 0 0 1
0 95 128 129 0 0 0 1
0 95 129 96 0 0 0 1
0 96 129 130 0 0 0 1
0 96 130 97 0 0 0 1
0 98 131 132 0 0 0 1
0 98 132 99 0 0 0 1
0 99 132 133 0 0 0 1
0 99 133 100 0 0 0 1
0 100 133 134 0 0 0 1
0 100 134 101 0 0 0 1
0 101 134 135 0 0 0 1
0 101 135 102 0 0 0 1
0 102 135 136 0 0 0 1
0 102 136 103 0 0 0 1
0 103 136 137 0 0 0 1
0 103 137 104 0 0 0 1
0 104 137 138 0 0 0 1
0 104 138 105 0 0 0 1
0 105 138 139 0 0 0 1
0 105 139 106 0 0 0 1
0 106 139 140 0 0 0 1
0 106 140 107 0 0 0 1
0 107 140 141 0 0 0 1
0 107 141 108 0 0 0 1
0 108 141 142 0 0 0 1
0 108 142 109 0 0 0 1
0 109 142 143 0 0 0 1
0 109 143 110 0 0 0 1
0 110 143 144 0 0 0 1
0 110 144 111 0 0 0 1
0 111 144 145 0 0 0 1
0 111 145 112 0 0 0 1
0 112 145 146 0 0 0 1
0 112 146 113 0 0 0 1
0 113 146 147 0 0 0 1
0 113 147 114 0 0 0 1
0 114 147 148 0 0 0 1
0 114 148 115 0 0 0 1
0 115 148 149 0 0 0 1
0 115 149 116 0 0 0 1
0 116 149 150 0 0 0 1
0 116 150 117 0 0 0 1
0 117 150 151 0 0 0 1
0 117 151 118 0 0 0 1
0 118 151 152 0 0 0 1
0 118 152 119 0 0 0 1
0 119 152 153 0 0 0 1
0 119 153 120 0 0 0 1
0 120 153 154 0 0 0 1
0 120 154 121 0 0 0 1
0 121 154 155 0 0 0 1
0 121 155 122 0 0 0 1
0 122 155 156 0 0 0 1
0 122 156 123 0 0 0 1
0 123 156 157 0 0 0 1
0 123 157 124 0 0 0 1
0 124 157 158 0 0 0 1
0 124 158 125 0 0 0 1
0 125 158 159 0 0 0 1
0 125 159 126 0 0 0 1
0 126 159 160 0 0 0 1
0 126 160 127 0 0 0 1
0 127 160 161 0 0 0 1
0 127 161 128 0 0 0 1
0 128 161 162 0 0 0 1
0 128 162 129 0 0 0 1
0 129 162 163 0 0 0 1
0 129 163 130 0 0 0 1
0 131 164 165 0 0 0 1
0 131 165 132 0 0 0 1
0 132 165 166 0 0 0 1
0 132 166 133 0 0 0 1
0 133 166 167 0 0 0 1
0 133 167 134 0 0 0 1
0 134 167 168 0 0 0 1
0 134 168 135 0 0 0 1
0 135 168 169 0 0 0 1
0 135 169 136 0 0 0 1
0 136 169 170 0 0 0 1
0 136 170 137 0 0 0 1
0 137 170 171 0 0 0 1
0 137 171 138 0 0 0 1
0 138 171 172 0 0 0 1
0 138 172 139 0 0 0 1
0 139 172 173 0 0 0 1
0 139 173 140 0 0 0 1
0 140 173 174 0 0 0 1
0 140 174 141 0 0 0 1
0 141 174 175 0 0 0 1
0 141 175 142 0 0 0 1
0 142 175 176 0 0 0 1
0 142 176 143 0 0 0 1
0 143 176 177 0 0 0 1
0 143 177 144 0 0 0 1
0 144 177 178 0 0 0 1
0 144 178 145 0 0 0 1
0 145 178 179 0 0 0 1
0 145 179 146 0 0 0 1
0 146 179 180 0 0 0 1
0 146 180 147 0 0 0 1
0 147 180 181 0 0 0 1
0 147 181 148 0 0 0 1
0 148 181 182 0 0 0 1
0 148 182 149 0 0 0 1
0 149 182 183 0 0 0 1
0 149 183 150 0 0 0 1
0 150 183 184 0 0 0 1
0 150 184 151 0 0 0 1
0 151 184 185 0 0 0 1
0 151 185 152 0 0 0 1
0 152 185 186 0 0 0 1
0 152 186 153 0 0 0 1
0 153 186 187 0 0 0 1
0 153 187 154 0 0 0 1
0 154 187 188 0 0 0 1
0 154 188 155 0 0 0 1
0 155 188 189 0 0 0 1
0 155 189 156 0 0 0 1
0 156 189 190 0 0 0 1
0 156 190 157 0 0 0 1
0 157 190 191 0 0 0 1
0 157 191 158 0 0 0 1
0 158 191 192 0 0 0 1
0 158 192 159 0 0 0 1
0 159 192 193 0 0 0 1
0 159 193 160 0 0 0 1
0 160 193 194 0 0 0 1
0 160 194 161 0 0 0 1
0 161 194 195 0 0 0 1
0 161 195 162 0 0 0 1
0 162 195 196 0 0 0 1
0 162 196 163 0 0 0 1
0 164 197 198 0 0 0 1
0 164 198 165 0 0 0 1
0 165 198 199 0 0 0 1
0 165 199 166 0 0 0 1
0 166 199 200 0 0 0 1
0 166 200 167 0 0 0 1
0 167 200 201 0 0 0 1
0 167 201 168 0 0 0 1
0 168 201 202 0 0 0 1
0 168 202 169 0 0 0 1
0 169 202 203 0 0 0 1
0 169 203 170 0 0 0 1
0 170 203 204 0 0 0 1
0 170 204 171 0 0 0 1
0 171 204 205 0 0 0 1
0 171 205 172 0 0 0 1
0 172 205 206 0 0 0 1
0 172 206 173 0 0 0 1
0 173 206 207 0 0 0 1
0 173 207 174 0 0 0 1
0 174 207 208 0 0 0 1
0 174 208 175 0 0 0 1
0 175 208 209 0 0 0 1
0 175 209 176 0 0 0 1
0 176 209 210 0 0 0 1
0 176 210 177 0 0 0 1
0 177 210 211 0 0 0 1
0 177 211 178 0 0 0 1
0 178 211 212 0 0 0 1
0 178 212 179 0 0 0 1
0 179 212 213 0 0 0 1
0 179 213 180 0 0 0 1
0 180 213 214 0 0 0 1
0 180 214 181 0 0 0 1
0 181 214 215 0 0 0 1
0 181 215 182 0 0 0 1
0 182 215 216 0 0 0 1
0 182 216 183 0 0 0 1
0 183 216 217 0 0 0 1
0 183 217 184 0 0 0 1
0 184 217 218 0 0 0 1
0 184 218 185 0 0 0 1
0 185 218 219 0 0 0 1
0 185 219 186 0 0 0 1
0 186 219 220 0 0 0 1
0 186 220 187 0 0 0 1
0 187 220 221 0 0 0 1
0 187 221 188 0 0 0 1
0 188 221 222 0 0 0 1
0 188 222 189 0 0 0 1
0 189 222 223 0 0 0 1
0 189 223 190 0 0 0 1
0 190 223 224 0 0 0 1
0 190 224 191 0 0 0 1
0 191 224 225 0 0 0 1
0 191 225 192 0 0 0 1
0 192 225 226 0 0 0 1
0 192 226 193 0 0 0 1
0 193 226 227 0 0 0 1
0 193 227 194 0 0 0 1
0 194 227 228 0 0 0 1
0 194 228 195 0 0 0 1
0 195 228 229 0 0 0 1
0 195 229 196 0 0 0 1
0 197 230 231 0 0 0 1
0 197 231 198 0 0 0 1
0 198 231 232 0 0 0 1
0 198 232 199 0 0 0 1
0 199 232 233 0 0 0 1
0 199 233 200 0 0 0 1
0 200 233 234 0 0 0 1
0 200 234 201 0 0 0 1
0 201 234 235 0 0 0 1
0 201 235 202 0 0 0 1
0 202 235 236 0 0 0 1
0 202 236 203 0 0 0 1
0 203 236 237 0 0 0 1
0 203 237 204 0 0 0 1
0 204 237 238 0 0 0 1
0 204 238 205 0 0 0 1
0 205 238 239 0 0 0 1
0 205 239 206 0 0 0 1
0 206 239 240 0 0 0 1
0 206 240 207 0 0 0 1
0 207 240 241 0 0 0 1
0 207 241 208 0 0 0 1
0 208 241 242 0 0 0 1
0 208 242 209 0 0 0 1
0 209 242 243 0 0 0 1
0 209 243 210 0 0 0 1
0 210 243 244 0 0 0 1
0 210 244 211 0 0 0 1
0 211 244 245 0 0 0 1
0 211 245 212 0 0 0 1
0 212 245 246 0 0 0 1
0 212 246 213 0 0 0 1
0 213 246 247 0 0 0 1
0 213 247 214 0 0 0 1
0 214 247 248 0 0 0 1
0 214 248 215 0 0 0 1
0 215 248 249 0 0 0 1
0 215 249 216 0 0 0 1
0 216 249 250 0 0 0 1
0 216 250 217 0 0 0 1
0 217 250 251 0 0 0 1
0 217 251 218 0 0 0 1
0 218 251 252 0 0 0 1
0 218 252 219 0 0 0 1
0 219 252 253 0 0 0 1
0 219 253 220 0 0 0 1
0 220 253 254 0 0 0 1
0 220 254 221 0 0 0 1
0 221 254 255 0 0 0 1
0 221 255 222 0 0 0 1
0 222 255 256 0 0 0 1
0 222 256 223 0 0 0 1
0 223 256 257 0 0 0 1
0 223 257 224 0 0 0 1
0 224 257 258 0 0 0 1
0 224 258 225 0 0 0 1
0 225 258 259 0 0 0 1
0 225 259 226 0 0 0 1
0 226 259 260 0 0 0 1
0 226 260 227 0 0 0 1
0 227 260 261 0 0 0 1
0 227 261 228 0 0 0 1
0 228 261 262 0 0 0 1
0 228 262 229 0 0 0 1
0 230 263 264 0 0 0 1
0 230 264 231 0 0 0 1
0 231 264 265 0 0 0 1
0 231 265 232 0 0 0 1
0 232 265 266 0 0 0 1
0 232 266 233 0 0 0 1
0 233 266 267 0 0 0 1
0 233 267 234 0 0 0 1
0 234 267 268 0 0 0 1
0 234 268 235 0 0 0 1
0 235 268 269 0 0 0 1
0 235 269 236 0 0 0 1
0 236 269 270 0 0 0 1
0 236 270 237 0 0 0 1
0 237 270 271 0 0 0 1
0 237 271 238 0 0 0 1
0 238 271 272 0 0 0 1
0 238 272 239 0 0 0 1
0 239 272 273 0 0 0 1
0 239 273 240 0 0 0 1
0 240 273 274 0 0 0 1
0 240 274 241 0 0 0 1
0 241 274 275 0 0 0 1
0 241 275 242 0 0 0 1
0 242 275 276 0 0 0 1
0 242 276 243 0 0 0 1
0 243 276 277 0 0 0 1
0 243 277 244 0 0 0 1
0 244 277 278 0 0 0 1
0 244 278 245 0 0 0 1
0 245 278 279 0 0 0 1
0 245 279 246 0 0 0 1
0 246 279 280 0 0 0 1
0 246 280 247 0 0 0 1
0 247 280 281 0 0 0 1
0 247 281 248 0 0 0 1
0 248 281 282 0 0 0 1
0 248 282 249 0 0 0 1
0 249 282 283 0 0 0 1
0 249 283 250 0 0 0 1
0 250 283 284 0 0 0 1
0 250 284 251 0 0 0 1
0 251 284 285 0 0 0 1
0 251 285 252 0 0 0 1
0 252 285 286 0 0 0 1
0 252 286 253 0 0 0 1
0 253 286 287 0 0 0 1
0 253 287 254 0 0 0 1
0 254 287 288 0 0 0 1
0 254 288 255 0 0 0 1
0 255 288 289 0 0 0 1
0 255 289 256 0 0 0 1
0 256 289 290 0 0 0 1
0 256 290 257 0 0 0 1
0 257 290 291 0 0 0 1
0 257 291 258 0 0 0 1
0 258 291 292 0 0 0 1
0 258 292 259 0 0 0 1
0 259 292 293 0 0 0 1
0 259 293 260 0 0 0 1
0 260 293 294 0 0 0 1
0 260 294 261 0 0 0 1
0 261 294 295 0 0 0 1
0 261 295 262 0 0 0 1
0 263 296 297 0 0 0 1
0 263 297 264 0 0 0 1
0 264 297 298 0 0 0 1
0 264 298 265 0 0 0 1
0 265 298 299 0 0 0 1
0 265 299 266 0 0 0 1
0 266 299 300 0 0 0 1
0 266 300 267 0 0 0 1
0 267 300 301 0 0 0 1
0 267 301 268 0 0 0 1
0 268 301 302 0 0 0 1
0 268 302 269 0 0 0 1
0 269 302 303 0 0 0 1
0 269 303 270 0 0 0 1
0 270 303 304 0 0 0 1
0 270 304 271 0 0 0 1
0 271 304 305 0 0 0 1
0 271 305 272 0 0 0 1
0 272 305 306 0 0 0 1
0 272 306 273 0 0 0 1
0 273 306 307 0 0 0 1
0 273 307 274 0 0 0 1
0 274 307 308 0 0 0 1
0 274 308 275 0 0 0 1
0 275 308 309 0 0 0 1
0 275 309 276 0 0 0 1
0 276 309 310 0 0 0 1
0 276 310 277 0 0 0 1
0 277 310 311 0 0 0 1
0 277 311 278 0 0 0 1
0 278 311 312 0 0 0 1
0 278 312 279 0 0 0 1
0 279 312 313 0 0 0 1
0 279 313 280 0 0 0 1
0 280 313 314 0 0 0 1
0 280 314 281 0 0 0 1
0 281 314 315 0 0 0 1
0 281 315 282 0 0 0 1
0 282 315 316 0 0 0 1
0 282 316 283 0 0 0 1
0 283 316 317 0 0 0 1
0 283 317 284 0 0 0 1
0 284 317 318 0 0 0 1
0 284 318 285 0 0 0 1
0 285 318 319 0 0 0 1
0 285 319 286 0 0 0 1
0 286 319 320 0 0 0 1
0 286 320 287 0 0 0 1
0 287 320 321 0 0 0 1
0 287 321 288 0 0 0 1
0 288 321 322 0 0 0 1
0 288 322 289 0 0 0 1
0 289 322 323 0 0 0 1
0 289 323 290 0 0 0 1
0 290 323 324 0 0 0 1
0 290 324 291 0 0 0 1
0 291 324 325 0 0 0 1
0 291 325 292 0 0 0 1
0 292 325 326 0 0 0 1
0 292 326 293 0 0 0 1
0 293 326 327 0 0 0 1
0 293 327 294 0 0 0 1
0 294 327 328 0 0 0 1
0 294 328 295 0 0 0 1
0 296 329 330 0 0 0 1
0 296 330 297 0 0 0 1
0 297 330 331 0 0 0 1
0 297 331 298 0 0 0 1
0 298 331 332 0 0 0 1
0 298 332 299 0 0 0 1
0 299 332 333 0 0 0 1
0 299 333 300 0 0 0 1
0 300 333 334 0 0 0 1
0 300 334 301 0 0 0 1
0 301 334 335 0 0 0 1
0 301 335 302 0 0 0 1
0 302 335 336 0 0 0 1
0 302 336 303 0 0 0 1
0 303 336 337 0 0 0 1
0 303 337 304 0 0 0 1
0 304 337 338 0 0 0 1
0 304 338 305 0 0 0 1
0 305 338 339 0 0 0 1
0 305 339 306 0 0 0 1
0 306 339 340 0 0 0 1
0 306 340 307 0 0 0 1
0 307 340 341 0 0 0 1
0 307 341 308 0 0 0 1
0 308 341 342 0 0 0 1
0 308 342 309 0 0 0 1
0 309 342 343 0 0 0 1
0 309 343 310 0 0 0 1
0 310 343 344 0 0 0 1
0 310 344 311 0 0 0 1
0 311 344 345 0 0 0 1
0 311 345 312 0 0 0 1
0 312 345 346 0 0 0 1
0 312 346 313 0 0 0 1
0 313 346 347 0 0 0 1
0 313 347 314 0 0 0 1
0 314 347 348 0 0 0 1
0 314 348 315 0 0 0 1
0 315 348 349 0 0 0 1
0 315 349 316 0 0 0 1
0 316 349 350 0 0 0 1
0 316 350 317 0 0 0 1
0 317 350 351 0 0 0 1
0 317 351 318 0 0 0 1
0 318 351 352 0 0 0 1
0 318 352 319 0 0 0 1
0 319 352 353 0 0 0 1
0 319 353 320 0 0 0 1
0 320 353 354 0 0 0 1
0 320 354 321 0 0 0 1
0 321 354 355 0 0 0 1
0 321 355 322 0 0 0 1
0 322 355 356 0 0 0 1
0 322 356 323 0 0 0 1
0 323 356 357 0 0 0 1
0 323 357 324 0 0 0 1
0 324 357 358 0 0 0 1
0 324 358 325 0 0 0 1
0 325 358 359 0 0 0 1
0 325 359 326 0 0 0 1
0 326 359 360 0 0 0 1
0 326 360 327 0 0 0 1
0 327 360 361 0 0 0 1
0 327 361 328 0 0 0 1
0 329 362 363 0 0 0 1
0 329 363 330 0 0 0 1
0 330 363 364 0 0 0 1
0 330 364 331 0 0 0 1
0 331 364 365 0 0 0 1
0 331 365 332 0 0 0 1
0 332 365 366 0 0 0 1
0 332 366 333 0 0 0 1
0 333 366 367 0 0 0 1
0 333 367 334 0 0 0 1
0 334 367 368 0 0 0 1
0 334 368 335 0 0 0 1
0 335 368 369 0 0 0 1
0 335 369 336 0 0 0 1
0 336 369 370 0 0 0 1
0 336 370 337 0 0 0 1
0 337 370 371 0 0 0 1
0 337 371 338 0 0 0 1
0 338 371 372 0 0 0 1
0 338 372 339 0 0 0 1
0 339 372 373 0 0 0 1
0 339 373 340 0 0 0 1
0 340 373 374 0 0 0 1
0 340 374 341 0 0 0 1
0 341 374 375 0 0 0 1
0 341 375 342 0 0 0 1
0 342 375 376 0 0 0 1
0 342 376 343 0 0 0 1
0 343 376 377 0 0 0 1
0 343 377 344 0 0 0 1
0 344 377 378 0 0 0 1
0 344 378 345 0 0 0 1
0 345 378 379 0 0 0 1
0 345 379 346 0 0 0 1
0 346 379 380 0 0 0 1
0 346 380 347 0 0 0 1
0 347 380 381 0 0 0 1
0 347 381 348 0 0 0 1
0 348 381 382 0 0 0 1
0 348 382 349 0 0 0 1
0 349 382 383 0 0 0 1
0 349 383 350 0 0 0 1
0 350 383 384 0 0 0 1
0 350 384 351 0 0 0 1
0 351 384 385 0 0 0 1
0 351 385 352 0 0 0 1
0 352 385 386 0 0 0 1
0 352 386 353 0 0 0 1
0 353 386 387 0 0 0 1
0 353 387 354 0 0 0 1
0 354 387 388 0 0 0 1
0 354 388 355 0 0 0 1
0 355 388 389 0 0 0 1
0 355 389 356 0 0 0 1
0 356 389 390 0 0 0 1
0 356 390 357 0 0 0 1
0 357 390 391 0 0 0 1
0 357 391 358 0 0 0 1
0 358 391 392 0 0 0 1
0 358 392 359 0 0 0 1
0 359 392 393 0 0 0 1
0 359 393 360 0 0 0 1
0 360 393 394 0 0 0 1
0 360 394 361 0 0 0 1
0 362 395 396 0 0 0 1
0 362 396 363 0 0 0 1
0 363 396 397 0 0 0 1
0 363 397 364 0 0 0 1
0 364 397 398 0 0 0 1
0 364 398 365 0 0 0 1
0 365 398 399 0 0 0 1
0 365 399 366 0 0 0 1
0 366 399 400 0 0 0 1
0 366 400 367 0 0 0 1
0 367 400 401 0 0 0 1
0 367 401 368 0 0 0 1
0 368 401 402 0 0 0 1
0 368 402 369 0 0 0 1
0 369 402 403 0 0 0 1
0 369 403 370 0 0 0 1
0 370 403 404 0 0 0 1
0 370 404 371 0 0 0 1
0 371 404 405 0 0 0 1
0 371 405 372 0 0 0 1
0 372 405 406 0 0 0 1
0 372 406 373 0 0 0 1
0 373 406 407 0 0 0 1
0 373 407 374 0 0 0 1
0 374 407 408 0 0 0 1
0 374 408 375 0 0 0 1
0 375 408 409 0 0 0 1
0 375 409 376 0 0 0 1
0 376 409 410 0 0 0 1
0 376 410 377 0 0 0 1
0 377 410 411 0 0 0 1
0 377 411 378 0 0 0 1
0 378 411 412 0 0 0 1
0 378 412 379 0 0 0 1
0 379 412 413 0 0 0 1
0 379 413 380 0 0 0 1
0 380 413 414 0 0 0 1
0 380 414 381 0 0 0 1
0 381 414 415 0 0 0 1
0 381 415 382 0 0 0 1
0 382 415 416 0 0 0 1
0 382 416 383 0 0 0 1
0 383 416 417 0 0 0 1
0 383 417 384 0 0 0 1
0 384 417 418 0 0 0 1
0 384 418 385 0 0 0 1
0 385 418 419 0 0 0 1
0 385 419 386 0 0 0 1
0 386 419 420 0 0 0 1
0 386 420 387 0 0 0 1
0 387 420 421 0 0 0 1
0 387 421 388 0 0 0 1
0 388 421 422 0 0 0 1
0 388 422 389 0 0 0 1
0 389 422 423 0 0 0 1
0 389 423 390 0 0 0 1
0 390 423 424 0 0 0 1
0 390 424 391 0 0 0 1
0 391 424 425 0 0 0 1
0 391 425 392 0 0 0 1
0 392 425 426 0 0 0 1
0 392 426 393 0 0 0 1
0 393 426 427 0 0 0 1
0 393 427 394 0 0 0 1
0 395 428 429 0 0 0 1
0 395 429 396 0 0 0 1
0 396 429 430 0 0 0 1
0 396 430 397 0 0 0 1
0 397 430 431 0 0 0 1
0 397 431 398 0 0 0 1
0 398 431 432 0 0 0 1
0 398 432 399 0 0 0 1
0 399 432 433 0 0 0 1
0 399 433 400 0 0 0 1
0 400 433 434 0 0 0 1
0 400 434 401 0 0 0 1
0 401 434 435 0 0 0 1
0 401 435 402 0 0 0 1
0 402 435 436 0 0 0 1
0 402 436 403 0 0 0 1
0 403 436 437 0 0 0 1
0 403 437 404 0 0 0 1
0 404 437 438 0 0 0 1
0 404 438 405 0 0 0 1
0 405 438 439 0 0 0 1
0 405 439 406 0 0 0 1
0 406 439 440 0 0 0 1
0 406 440 407 0 0 0 1
0 407 440 441 0 0 0 1
0 407 441 408 0 0 0 1
0 408 441 442 0 0 0 1
0 408 442 409 0 0 0 1
0 409 442 443 0 0 0 1
0 409 443 410 0 0 0 1
0 410 443 444 0 0 0 1
0 410 444 411 0 0 0 1
0 411 444 445 0 0 0 1
0 411 445 412 0 0 0 1
0 412 445 446 0 0 0 1
0 412 446 413 0 0 0 1
0 413 446 447 0 0 0 1
0 413 447 414 0 0 0 1
0 414 447 448 0 0 0 1
0 414 448 415 0 0 0 1
0 415 448 449 0 0 0 1
0 415 449 416 0 0 0 1
0 416 449 450 0 0 0 1
0 416 450 417 0 0 0 1
0 417 450 451 0 0 0 1
0 417 451 418 0 0 0 1
0 418 451 452 0 0 0 1
0 418 452 419 0 0 0 1
0 419 452 453 0 0 0 1
0 419 453 420 0 0 0 1
0 420 453 454 0 0 0 1
0 420 454 421 0 0 0 1
0 421 454 455 0 0 0 1
0 421 455 422 0 0 0 1
0 422 455 456 0 0 0 1
0 422 456 423 0 0 0 1
0 423 456 457 0 0 0 1
0 423 457 424 0 0 0 1
0 424 457 458 0 0 0 1
0 424 458 425 0 0 0 1
0 425 458 459 0 0 0 1
0 425 459 426 0 0 0 1
0 426 459 460 0 0 0 1
0 426 460 427 0 0 0 1
0 428 461 462 0 0 0 1
0 428 462 429 0 0 0 1
0 429 462 463 0 0 0 1
0 429 463 430 0 0 0 1
0 430 463 464 0 0 0 1
0 430 464 431 0 0 0 1
0 431 464 465 0 0 0 1
0 431 465 432 0 0 0 1
0 432 465 466 0 0 0 1
0 432 466 433 0 0 0 1
0 433 466 467 0 0 0 1
0 433 467 434 0 0 0 1
0 434 467 468 0 0 0 1
0 434 468 435 0 0 0 1
0 435 468 469 0 0 0 1
0 435 469 436 0 0 0 1
0 436 469 470 0 0 0 1
0 436 470 437 0 0 0 1
0 437 470 471 0 0 0 1
0 437 471 438 0 0 0 1
0 438 471 472 0 0 0 1
0 438 472 439 0 0 0 1
0 439 472 473 0 0 0 1
0 439 473 440 0 0 0 1
0 440 473 474 0 0 0 1
0 440 474 441 0 0 0 1
0 441 474 475 0 0 0 1
0 441 475 442 0 0 0 1
0 442 475 476 0 0 0 1
0 442 476 443 0 0 0 1
0 443 476 477 0 0 0 1
0 443 477 444 0 0 0 1
0 444 477 478 0 0 0 1
0 444 478 445 0 0 0 1
0 445 478 479 0 0 0 1
0 445 479 446 0 0 0 1
0 446 479 480 0 0 0 1
0 446 480 447 0 0 0 1
0 447 480 481 0 0 0 1
0 447 481 448 0 0 0 1
0 448 481 482 0 0 0 1
0 448 482 449 0 0 0 1
0 449 482 483 0 0 0 1
0 449 483 450 0 0 0 1
0 450 483 484 0 0 0 1
0 450 484 451 0 0 0 1
0 451 484 485 0 0 0 1
0 451 485 452 0 0 0 1
0 452 485 486 0 0 0 1
0 452 486 453 0 0 0 1
0 453 486 487 0 0 0 1
0 453 487 454 0 0 0 1
0 454 487 488 0 0 0 1
0 454 488 455 0 0 0 1
0 455 488 489 0 0 0 1
0 455 489 456 0 0 0 1
0 456 489 490 0 0 0 1
0 456 490 457 0 0 0 1
0 457 490 491 0 0 0 1
0 457 491 458 0 0 0 1
0 458 491 492 0 0 0 1
0 458 492 459 0 0 0 1
0 459 492 493 0 0 0 1
0 459 493 460 0 0 0 1
0 461 494 495 0 0 0 1
0 461 495 462 0 0 0 1
0 462 495 496 0 0 0 1
0 462 496 463 0 0 0 1
0 463 496 497 0 0 0 1
0 463 497 464 0 0 0 1
0 464 497 498 0 0 0 1
0 464 498 465 0 0 0 1
0 465 498 499 0 0 0 1
0 465 499 466 0 0 0 1
0 466 499 500 0 0 0 1
0 466 500 467 0 0 0 1
0 467 500 501 0 0 0 1
0 467 501 468 0 0 0 1
0 468 501 502 0 0 0 1
0 468 502 469 0 0 0 1
0 469 502 503 0 0 0 1
0 469 503 470 0 0 0 1
0 470 503 504 0 0 0 1
0 470 504 471 0 0 0 1
0 471 504 505 0 0 0 1
0 471 505 472 0 0 0 1
0 472 505 506 0 0 0 1
0 472 506 473 0 0 0 1
0 473 506 507 0 0 0 1
0 473 507 474 0 0 0 1
0 474 507 508 0 0 0 1
0 474 508 475 0 0 0 1
0 475 508 509 0 0 0 1
0 475 509 476 0 0 0 1
0 476 509 510 0 0 0 1
0 476 510 477 0 0 0 1
0 477 510 511 0 0 0 1
0 477 511 478 0 0 0 1
0 478 511 512 0 0 0 1
0 478 512 479 0 0 0 1
0 479 512 513 0 0 0 1
0 479 513 480 0 0 0 1
0 480 513 514 0 0 0 1
0 480 514 481 0 0 0 1
0 481 514 515 0 0 0 1
0 481 515 482 0 0 0 1
0 482 515 516 0 0 0 1
0 482 516 483 0 0 0 1
0 483 516 517 0 0 0 1
0 483 517 484 0 0 0 1
0 484 517 518 0 0 0 1
0 484 518 485 0 0 0 1
0 485 518 519 0 0 0 1
0 485 519 486 0 0 0 1
0 486 519 520 0 0 0 1
0 486 520 487 0 0 0 1
0 487 520 521 0 0 0 1
0 487 521 488 0 0 0 1
0 488 521 522 0 0 0 1
0 488 522 489 0 0 0 1
0 489 522 523 0 0 0 1
0 489 523 490 0 0 0 1
0 490 523 524 0 0 0 1
0 490 524 491 0 0 0 1
0 491 524 525 0 0 0 1
0 491 525 492 0 0 0 1
0 492 525 526 0 0 0 1
0 492 526 493 0 0 0 1
0 527 495 494 0 0 0 1
0 528 496 495 0 0 0 1
0 529 497 496 0 0 0 1
0 530 498 497 0 0 0 1
0 531 499 498 0 0 0 1
0 532 500 499 0 0 0 1
0 533 501 500 0 0 0 1
0 534 502 501 0 0 0 1
0 535 503 502 0 0 0 1
0 536 504 503 0 0 0 1
0 537 505 504 0 0 0 1
0 538 506 505 0 0 0 1
0 539 507 506 0 0 0 1
0 540 508 507 0 0 0 1
0 541 509 508 0 0 0 1
0 542 510 509 0 0 0 1
0 543 511 510 0 0 0 1
0 544 512 511 0 0 0 1
0 545 513 512 0 0 0 1
0 546 514 513 0 0 0 1
0 547 515 514 0 0 0 1
0 548 516 515 0 0 0 1
0 549 517 516 0 0 0 1
0 550 518 517 0 0 0 1
0 551 519 518 0 0 0 1
0 552 520 519 0 0 0 1
0 553 521 520 0 0 0 1
0 554 522 521 0 0 0 1
0 555 523 522 0 0 0 1
0 556 524 523 0 0 0 1
0 557 525 524 0 0 0 1
0 558 526 525 0 0 0 1

Materials: 1
"1 - Default"
0.568627 0.807843 0.898039 1.000000
0.568627 0.807843 0.898039 1.000000
0.898039 0.898039 0.898039 1.000000
0.000000 0.000000 0.000000 1.000000
0.100000
1.000000
".\ball blocks.png"
""

Bones: 0
