// MilkShape 3D ASCII

Frames: 30
Frame: 1

Meshes: 3
"original" 0 0
108
0 -80.828430 -38.000000 -26.476673 0.096262 0.970957 -1
0 -40.828426 2.000001 -26.476673 0.296062 0.400100 -1
0 -80.000000 -40.000000 -24.476673 0.100400 0.999500 -1
0 -40.000000 0.000001 -24.476673 0.300200 0.428643 -1
0 -22.000000 2.000001 -26.476673 0.390110 0.400100 -1
0 -20.000000 0.000001 -24.476673 0.400100 0.428643 -1
0 -22.000000 12.000001 -26.476673 0.390110 0.257385 -1
0 -20.000000 10.000001 -24.476673 0.400100 0.285928 -1
0 22.000000 12.000001 -26.476673 0.609890 0.257386 -1
0 20.000000 10.000001 -24.476673 0.599900 0.285928 -1
0 22.000000 2.000001 -26.476673 0.609890 0.400100 -1
0 20.000000 0.000001 -24.476673 0.599900 0.428643 -1
0 40.828426 2.000001 -26.476673 0.703938 0.400100 -1
0 40.000000 0.000001 -24.476673 0.699800 0.428643 -1
0 80.828430 -38.000000 -26.476673 0.903738 0.970958 -1
0 80.000000 -40.000000 -24.476673 0.899600 0.999500 -1
0 98.000000 -38.000000 -26.476673 0.989510 0.970958 -1
0 100.000000 -40.000000 -24.476673 0.999500 0.999501 -1
0 98.000000 -20.828426 -26.476673 0.989510 0.725895 -1
0 100.000000 -20.000000 -24.476673 0.999501 0.714072 -1
0 59.171574 18.000000 -26.476673 0.795562 0.171757 -1
0 60.000000 20.000000 -24.476673 0.799700 0.143214 -1
0 48.000000 18.000000 -26.476673 0.739760 0.171757 -1
0 50.000000 20.000000 -24.476673 0.749750 0.143214 -1
0 48.000000 28.000000 -26.476673 0.739760 0.029043 -1
0 50.000000 30.000000 -24.476673 0.749750 0.000500 -1
0 32.000000 28.000000 -26.476673 0.659840 0.029043 -1
0 30.000000 30.000000 -24.476673 0.649850 0.000500 -1
0 32.000000 18.000000 -26.476673 0.659840 0.171757 -1
0 30.000000 20.000000 -24.476673 0.649850 0.143214 -1
0 8.000000 18.000000 -26.476673 0.539960 0.171757 -1
0 10.000000 20.000000 -24.476673 0.549950 0.143214 -1
0 8.000000 28.000000 -26.476673 0.539960 0.029043 -1
0 10.000000 30.000000 -24.476673 0.549950 0.000500 -1
0 -8.000000 28.000000 -26.476673 0.460040 0.029042 -1
0 -10.000000 30.000000 -24.476673 0.450050 0.000500 -1
0 -8.000000 18.000000 -26.476673 0.460040 0.171757 -1
0 -10.000000 20.000000 -24.476673 0.450050 0.143214 -1
0 -32.000000 18.000000 -26.476673 0.340160 0.171757 -1
0 -30.000000 20.000000 -24.476673 0.350150 0.143214 -1
0 -32.000000 28.000000 -26.476673 0.340160 0.029042 -1
0 -30.000000 30.000000 -24.476673 0.350150 0.000500 -1
0 -48.000000 28.000000 -26.476673 0.260240 0.029042 -1
0 -50.000000 30.000000 -24.476673 0.250250 0.000499 -1
0 -48.000000 18.000000 -26.476673 0.260240 0.171757 -1
0 -50.000000 20.000000 -24.476673 0.250250 0.143214 -1
0 -59.171574 18.000000 -26.476673 0.204438 0.171757 -1
0 -60.000000 20.000000 -24.476673 0.200300 0.143214 -1
0 -98.000000 -20.828426 -26.476673 0.010490 0.725894 -1
0 -100.000000 -20.000000 -24.476673 0.000500 0.714071 -1
0 -98.000000 -38.000000 -26.476673 0.010490 0.970957 -1
0 -100.000000 -40.000000 -24.476673 0.000500 0.999500 -1
0 -80.000000 -40.000000 25.523327 0.100400 0.999500 -1
0 -40.000000 0.000001 25.523327 0.300200 0.428643 -1
0 -20.000000 0.000001 25.523327 0.400100 0.428643 -1
0 -20.315075 10.157538 25.523327 0.400100 0.285928 -1
0 19.684923 10.157538 25.523327 0.599900 0.285928 -1
0 19.684923 0.157538 25.523327 0.599900 0.428643 -1
0 39.684921 0.157538 25.523327 0.699800 0.428643 -1
0 79.684921 -39.842464 25.523327 0.899600 0.999500 -1
0 99.684921 -39.842464 25.523327 0.999500 0.999501 -1
0 99.684921 -19.842463 25.523327 0.999501 0.714072 -1
0 59.684925 20.157537 25.523327 0.799700 0.143214 -1
0 49.684921 20.157537 25.523327 0.749750 0.143214 -1
0 49.684921 30.157537 25.523327 0.749750 0.000500 -1
0 29.684923 30.157537 25.523327 0.649850 0.000500 -1
0 29.684923 20.157537 25.523327 0.649850 0.143214 -1
0 9.684923 20.157537 25.523327 0.549950 0.143214 -1
0 9.684923 30.157537 25.523327 0.549950 0.000500 -1
0 -10.315077 30.157537 25.523327 0.450050 0.000500 -1
0 -10.315077 20.157537 25.523327 0.450050 0.143214 -1
0 -30.315075 20.157537 25.523327 0.350150 0.143214 -1
0 -30.000000 30.000000 25.523327 0.350150 0.000500 -1
0 -50.000000 30.000000 25.523327 0.250250 0.000499 -1
0 -50.000000 20.000000 25.523327 0.250250 0.143214 -1
0 -60.000000 20.000000 25.523327 0.200300 0.143214 -1
0 -100.000000 -20.000000 25.523327 0.000500 0.714071 -1
0 -100.000000 -40.000000 25.523327 0.000500 0.999500 -1
0 -81.143509 -37.842464 27.523327 0.096262 0.970957 -1
0 -41.143505 2.157538 27.523327 0.296062 0.400100 -1
0 -22.315075 2.157538 27.523327 0.390110 0.400100 -1
0 -22.315075 12.157538 27.523327 0.390110 0.257385 -1
0 21.684923 12.157538 27.523327 0.609890 0.257386 -1
0 21.684923 2.157538 27.523327 0.609890 0.400100 -1
0 40.513351 2.157538 27.523327 0.703938 0.400100 -1
0 80.513351 -37.842464 27.523327 0.903738 0.970958 -1
0 97.684921 -37.842464 27.523327 0.989510 0.970958 -1
0 97.684921 -20.670889 27.523327 0.989510 0.725895 -1
0 58.856495 18.157537 27.523327 0.795562 0.171757 -1
0 47.684921 18.157537 27.523327 0.739760 0.171757 -1
0 47.684921 28.157537 27.523327 0.739760 0.029043 -1
0 31.684923 28.157537 27.523327 0.659840 0.029043 -1
0 31.684923 18.157537 27.523327 0.659840 0.171757 -1
0 7.684923 18.157537 27.523327 0.539960 0.171757 -1
0 7.684923 28.157537 27.523327 0.539960 0.029043 -1
0 -8.315077 28.157537 27.523327 0.460040 0.029042 -1
0 -8.315077 18.157537 27.523327 0.460040 0.171757 -1
0 -32.315075 18.157537 27.523327 0.340160 0.171757 -1
0 -32.315075 28.157537 27.523327 0.340160 0.029042 -1
0 -48.315075 28.157537 27.523327 0.260240 0.029042 -1
0 -48.315075 18.157537 27.523327 0.260240 0.171757 -1
0 -59.486652 18.157537 27.523327 0.204438 0.171757 -1
0 -98.315079 -20.670889 27.523327 0.010490 0.725894 -1
0 -98.315079 -37.842464 27.523327 0.010490 0.970957 -1
0 80.000000 -40.000000 25.523327 0.899600 0.999500 -1
0 100.000000 -40.000000 25.523327 0.999500 0.999501 -1
0 80.828430 -38.000000 27.523327 0.903738 0.970958 -1
0 98.000000 -38.000000 27.523327 0.989510 0.970958 -1
65
0.500000 -0.500000 -0.707107
0.500000 -0.500000 -0.707107
0.500000 -0.500000 -0.707107
0.000000 -0.707107 -0.707107
0.707107 0.000000 -0.707107
-0.707107 0.000000 -0.707107
-0.500000 -0.500000 -0.707107
-0.500000 -0.500000 -0.707107
-0.500000 -0.500000 -0.707107
0.500000 0.500000 -0.707107
0.500000 0.500000 -0.707107
0.000000 0.707107 -0.707107
-0.500000 0.500000 -0.707107
-0.500000 0.500000 -0.707107
0.707107 -0.707107 0.000000
0.000000 -1.000000 0.000000
1.000000 0.000000 0.000000
0.999875 0.015504 0.003101
0.999500 0.031003 0.006201
0.000000 -0.999995 0.003151
-0.999980 0.000000 -0.006301
-0.707105 -0.707105 -0.002228
-0.707105 -0.707105 -0.002228
-0.707105 -0.707105 -0.002228
0.000000 -0.999995 0.003151
0.999980 0.000000 0.006301
0.999980 0.000000 0.006301
0.707105 0.707105 0.002228
0.707105 0.707105 0.002228
0.707105 0.707105 0.002228
0.000000 0.999995 -0.003151
0.999980 0.000000 0.006301
0.999980 0.000000 0.006301
0.999867 -0.016000 0.003151
0.999488 -0.031995 0.000000
0.000000 1.000000 0.000000
-1.000000 0.000000 0.000000
-0.707107 0.707107 0.000000
0.460082 -0.460082 0.759375
0.460082 -0.460082 0.759375
0.460082 -0.460082 0.759375
0.000000 -0.679825 0.733374
0.664528 0.020613 0.746979
0.686146 0.010311 0.727391
0.707107 0.000000 0.707107
0.000000 -0.707107 0.707107
-0.707107 0.000000 0.707107
-0.500000 -0.500000 0.707107
0.500000 0.500000 0.707107
0.500000 0.500000 0.707107
0.500000 0.500000 0.707107
0.000000 0.707107 0.707107
0.718324 -0.022995 0.695329
0.686757 -0.011510 0.726796
0.653735 0.000000 0.756723
0.000000 0.735480 0.677547
-0.764777 0.000000 0.644296
0.000000 0.735480 0.677547
-0.543329 0.543329 0.639990
-0.543329 0.543329 0.639990
-0.543329 0.543329 0.639990
-0.764777 0.000000 0.644295
0.000000 -0.679826 0.733374
0.000000 0.000000 1.000000
0.000000 0.000000 -1.000000
206
0 0 1 2 0 1 1 2
0 1 3 2 1 2 1 2
0 1 4 3 3 3 3 3
0 4 5 3 3 3 3 3
0 4 6 5 4 4 4 4
0 6 7 5 4 4 4 4
0 6 8 7 3 3 3 5
0 8 9 7 3 3 3 5
0 8 10 9 5 5 5 2
0 10 11 9 5 5 5 2
0 10 12 11 3 3 3 3
0 12 13 11 3 3 3 3
0 12 14 13 6 7 7 4
0 14 15 13 7 8 7 4
0 14 16 15 3 3 3 5
0 16 17 15 3 3 3 5
0 16 18 17 4 4 4 2
0 18 19 17 4 4 4 2
0 18 20 19 9 10 10 3
0 20 21 19 10 10 10 3
0 20 22 21 11 11 11 4
0 22 23 21 11 11 11 4
0 22 24 23 4 4 4 5
0 24 25 23 4 4 4 5
0 24 26 25 11 11 11 2
0 26 27 25 11 11 11 2
0 26 28 27 5 5 5 3
0 28 29 27 5 5 5 3
0 28 30 29 11 11 11 4
0 30 31 29 11 11 11 4
0 30 32 31 4 4 4 5
0 32 33 31 4 4 4 5
0 32 34 33 11 11 11 2
0 34 35 33 11 11 11 2
0 34 36 35 5 5 5 3
0 36 37 35 5 5 5 3
0 36 38 37 11 11 11 4
0 38 39 37 11 11 11 4
0 38 40 39 4 4 4 5
0 40 41 39 4 4 4 5
0 40 42 41 11 11 11 2
0 42 43 41 11 11 11 2
0 42 44 43 5 5 5 3
0 44 45 43 5 5 5 3
0 44 46 45 11 11 11 4
0 46 47 45 11 11 11 4
0 46 48 47 12 13 13 5
0 48 49 47 13 13 13 5
0 48 50 49 5 5 5 2
0 50 51 49 5 5 5 2
0 50 0 51 3 3 3 3
0 0 2 51 3 3 3 3
0 2 3 52 14 14 14 7
0 3 53 52 14 14 14 7
0 3 5 53 15 15 15 8
0 5 54 53 15 15 15 8
0 5 7 54 16 17 17 9
0 7 55 54 17 18 17 9
0 7 9 55 19 19 19 10
0 9 56 55 19 19 19 10
0 9 11 56 20 20 20 7
0 11 57 56 20 20 20 7
0 11 13 57 19 19 19 8
0 13 58 57 19 19 19 8
0 13 15 58 21 22 22 9
0 15 59 58 22 23 22 9
0 15 17 59 24 24 24 10
0 17 60 59 24 24 24 10
0 17 19 60 25 25 25 7
0 19 61 60 25 26 25 7
0 19 21 61 27 28 28 8
0 21 62 61 28 29 28 8
0 21 23 62 30 30 30 9
0 23 63 62 30 30 30 9
0 23 25 63 25 25 25 10
0 25 64 63 25 25 25 10
0 25 27 64 30 30 30 7
0 27 65 64 30 30 30 7
0 27 29 65 20 20 20 8
0 29 66 65 20 20 20 8
0 29 31 66 30 30 30 9
0 31 67 66 30 30 30 9
0 31 33 67 31 31 31 10
0 33 68 67 31 31 31 10
0 33 35 68 30 30 30 7
0 35 69 68 30 30 30 7
0 35 37 69 20 20 20 8
0 37 70 69 20 20 20 8
0 37 39 70 30 30 30 9
0 39 71 70 30 30 30 9
0 39 41 71 32 33 33 10
0 41 72 71 33 34 33 10
0 41 43 72 35 35 35 7
0 43 73 72 35 35 35 7
0 43 45 73 36 36 36 8
0 45 74 73 36 36 36 8
0 45 47 74 35 35 35 9
0 47 75 74 35 35 35 9
0 47 49 75 37 37 37 10
0 49 76 75 37 37 37 10
0 49 51 76 36 36 36 7
0 51 77 76 36 36 36 7
0 51 2 77 15 15 15 8
0 2 52 77 15 15 15 8
0 52 53 78 38 39 39 2
0 53 79 78 39 40 39 2
0 53 54 79 41 41 41 3
0 54 80 79 41 41 41 3
0 54 55 80 42 43 43 4
0 55 81 80 43 44 43 4
0 55 56 81 45 45 45 5
0 56 82 81 45 45 45 5
0 56 57 82 46 46 46 2
0 57 83 82 46 46 46 2
0 57 58 83 45 45 45 3
0 58 84 83 45 45 45 3
0 58 59 84 47 47 47 4
0 59 85 84 47 47 47 4
0 59 60 85 45 45 45 5
0 60 86 85 45 45 45 5
0 60 61 86 44 44 44 2
0 61 87 86 44 44 44 2
0 61 62 87 48 49 49 3
0 62 88 87 49 50 49 3
0 62 63 88 51 51 51 4
0 63 89 88 51 51 51 4
0 63 64 89 44 44 44 5
0 64 90 89 44 44 44 5
0 64 65 90 51 51 51 2
0 65 91 90 51 51 51 2
0 65 66 91 46 46 46 3
0 66 92 91 46 46 46 3
0 66 67 92 51 51 51 4
0 67 93 92 51 51 51 4
0 67 68 93 44 44 44 5
0 68 94 93 44 44 44 5
0 68 69 94 51 51 51 2
0 69 95 94 51 51 51 2
0 69 70 95 46 46 46 3
0 70 96 95 46 46 46 3
0 70 71 96 51 51 51 4
0 71 97 96 51 51 51 4
0 71 72 97 52 53 53 5
0 72 98 97 53 54 53 5
0 72 73 98 55 55 55 2
0 73 99 98 55 55 55 2
0 73 74 99 56 56 56 3
0 74 100 99 56 56 56 3
0 74 75 100 55 57 57 4
0 75 101 100 57 57 57 4
0 75 76 101 58 59 59 5
0 76 102 101 59 60 59 5
0 76 77 102 61 61 61 2
0 77 103 102 61 61 61 2
0 77 52 103 62 62 62 3
0 52 78 103 62 62 62 3
0 102 103 78 63 63 63 11
0 102 78 79 63 63 63 11
0 101 102 79 63 63 63 11
0 100 101 79 63 63 63 11
0 98 99 100 63 63 63 11
0 97 98 100 63 63 63 11
0 97 100 79 63 63 63 11
0 97 79 80 63 63 63 11
0 97 80 81 63 63 63 11
0 96 97 81 63 63 63 11
0 96 81 82 63 63 63 11
0 94 95 96 63 63 63 11
0 93 94 96 63 63 63 11
0 93 96 82 63 63 63 11
0 92 93 82 63 63 63 11
0 90 91 92 63 63 63 11
0 89 90 92 63 63 63 11
0 85 86 87 63 63 63 11
0 84 85 87 63 63 63 11
0 84 87 88 63 63 63 11
0 84 88 89 63 63 63 11
0 84 89 92 63 63 63 11
0 83 84 92 63 63 63 11
0 83 92 82 63 63 63 11
0 48 0 50 64 64 64 11
0 48 1 0 64 64 64 11
0 46 1 48 64 64 64 11
0 44 1 46 64 64 64 11
0 40 44 42 64 64 64 11
0 38 44 40 64 64 64 11
0 38 1 44 64 64 64 11
0 38 4 1 64 64 64 11
0 38 6 4 64 64 64 11
0 36 6 38 64 64 64 11
0 36 8 6 64 64 64 11
0 32 36 34 64 64 64 11
0 30 36 32 64 64 64 11
0 30 8 36 64 64 64 11
0 28 8 30 64 64 64 11
0 24 28 26 64 64 64 11
0 22 28 24 64 64 64 11
0 14 18 16 64 64 64 11
0 12 18 14 64 64 64 11
0 12 20 18 64 64 64 11
0 12 22 20 64 64 64 11
0 12 28 22 64 64 64 11
0 10 28 12 64 64 64 11
0 10 8 28 64 64 64 11
0 104 105 106 45 45 45 5
0 105 107 106 45 45 45 5
"front and " 0 0
108
0 -80.828430 -38.000000 -26.476673 0.096262 0.970957 -1
0 -40.828426 2.000001 -26.476673 0.296062 0.400100 -1
0 -80.000000 -40.000000 -24.476673 0.100400 0.999500 -1
0 -40.000000 0.000001 -24.476673 0.300200 0.428643 -1
0 -22.000000 2.000001 -26.476673 0.390110 0.400100 -1
0 -20.000000 0.000001 -24.476673 0.400100 0.428643 -1
0 -22.000000 12.000001 -26.476673 0.390110 0.257385 -1
0 -20.000000 10.000001 -24.476673 0.400100 0.285928 -1
0 22.000000 12.000001 -26.476673 0.609890 0.257386 -1
0 20.000000 10.000001 -24.476673 0.599900 0.285928 -1
0 22.000000 2.000001 -26.476673 0.609890 0.400100 -1
0 20.000000 0.000001 -24.476673 0.599900 0.428643 -1
0 40.828426 2.000001 -26.476673 0.703938 0.400100 -1
0 40.000000 0.000001 -24.476673 0.699800 0.428643 -1
0 80.828430 -38.000000 -26.476673 0.903738 0.970958 -1
0 80.000000 -40.000000 -24.476673 0.899600 0.999500 -1
0 98.000000 -38.000000 -26.476673 0.989510 0.970958 -1
0 100.000000 -40.000000 -24.476673 0.999500 0.999501 -1
0 98.000000 -20.828426 -26.476673 0.989510 0.725895 -1
0 100.000000 -20.000000 -24.476673 0.999501 0.714072 -1
0 59.171574 18.000000 -26.476673 0.795562 0.171757 -1
0 60.000000 20.000000 -24.476673 0.799700 0.143214 -1
0 48.000000 18.000000 -26.476673 0.739760 0.171757 -1
0 50.000000 20.000000 -24.476673 0.749750 0.143214 -1
0 48.000000 28.000000 -26.476673 0.739760 0.029043 -1
0 50.000000 30.000000 -24.476673 0.749750 0.000500 -1
0 32.000000 28.000000 -26.476673 0.659840 0.029043 -1
0 30.000000 30.000000 -24.476673 0.649850 0.000500 -1
0 32.000000 18.000000 -26.476673 0.659840 0.171757 -1
0 30.000000 20.000000 -24.476673 0.649850 0.143214 -1
0 8.000000 18.000000 -26.476673 0.539960 0.171757 -1
0 10.000000 20.000000 -24.476673 0.549950 0.143214 -1
0 8.000000 28.000000 -26.476673 0.539960 0.029043 -1
0 10.000000 30.000000 -24.476673 0.549950 0.000500 -1
0 -8.000000 28.000000 -26.476673 0.460040 0.029042 -1
0 -10.000000 30.000000 -24.476673 0.450050 0.000500 -1
0 -8.000000 18.000000 -26.476673 0.460040 0.171757 -1
0 -10.000000 20.000000 -24.476673 0.450050 0.143214 -1
0 -32.000000 18.000000 -26.476673 0.340160 0.171757 -1
0 -30.000000 20.000000 -24.476673 0.350150 0.143214 -1
0 -32.000000 28.000000 -26.476673 0.340160 0.029042 -1
0 -30.000000 30.000000 -24.476673 0.350150 0.000500 -1
0 -48.000000 28.000000 -26.476673 0.260240 0.029042 -1
0 -50.000000 30.000000 -24.476673 0.250250 0.000499 -1
0 -48.000000 18.000000 -26.476673 0.260240 0.171757 -1
0 -50.000000 20.000000 -24.476673 0.250250 0.143214 -1
0 -59.171574 18.000000 -26.476673 0.204438 0.171757 -1
0 -60.000000 20.000000 -24.476673 0.200300 0.143214 -1
0 -98.000000 -20.828426 -26.476673 0.010490 0.725894 -1
0 -100.000000 -20.000000 -24.476673 0.000500 0.714071 -1
0 -98.000000 -38.000000 -26.476673 0.010490 0.970957 -1
0 -100.000000 -40.000000 -24.476673 0.000500 0.999500 -1
0 -80.000000 -40.000000 25.523327 0.100400 0.999500 -1
0 -40.000000 0.000001 25.523327 0.300200 0.428643 -1
0 -81.143509 -37.842464 27.523327 0.096262 0.970957 -1
0 -41.143505 2.157538 27.523327 0.296062 0.400100 -1
0 -20.000000 0.000001 25.523327 0.400100 0.428643 -1
0 -22.315075 2.157538 27.523327 0.390110 0.400100 -1
0 -20.315075 10.157538 25.523327 0.400100 0.285928 -1
0 -22.315075 12.157538 27.523327 0.390110 0.257385 -1
0 19.684923 10.157538 25.523327 0.599900 0.285928 -1
0 21.684923 12.157538 27.523327 0.609890 0.257386 -1
0 19.684923 0.157538 25.523327 0.599900 0.428643 -1
0 21.684923 2.157538 27.523327 0.609890 0.400100 -1
0 39.684921 0.157538 25.523327 0.699800 0.428643 -1
0 40.513351 2.157538 27.523327 0.703938 0.400100 -1
0 79.684921 -39.842464 25.523327 0.899600 0.999500 -1
0 80.513351 -37.842464 27.523327 0.903738 0.970958 -1
0 99.684921 -39.842464 25.523327 0.999500 0.999501 -1
0 97.684921 -37.842464 27.523327 0.989510 0.970958 -1
0 99.684921 -19.842463 25.523327 0.999501 0.714072 -1
0 97.684921 -20.670889 27.523327 0.989510 0.725895 -1
0 59.684925 20.157537 25.523327 0.799700 0.143214 -1
0 58.856495 18.157537 27.523327 0.795562 0.171757 -1
0 49.684921 20.157537 25.523327 0.749750 0.143214 -1
0 47.684921 18.157537 27.523327 0.739760 0.171757 -1
0 49.684921 30.157537 25.523327 0.749750 0.000500 -1
0 47.684921 28.157537 27.523327 0.739760 0.029043 -1
0 29.684923 30.157537 25.523327 0.649850 0.000500 -1
0 31.684923 28.157537 27.523327 0.659840 0.029043 -1
0 29.684923 20.157537 25.523327 0.649850 0.143214 -1
0 31.684923 18.157537 27.523327 0.659840 0.171757 -1
0 9.684923 20.157537 25.523327 0.549950 0.143214 -1
0 7.684923 18.157537 27.523327 0.539960 0.171757 -1
0 9.684923 30.157537 25.523327 0.549950 0.000500 -1
0 7.684923 28.157537 27.523327 0.539960 0.029043 -1
0 -10.315077 30.157537 25.523327 0.450050 0.000500 -1
0 -8.315077 28.157537 27.523327 0.460040 0.029042 -1
0 -10.315077 20.157537 25.523327 0.450050 0.143214 -1
0 -8.315077 18.157537 27.523327 0.460040 0.171757 -1
0 -30.315075 20.157537 25.523327 0.350150 0.143214 -1
0 -32.315075 18.157537 27.523327 0.340160 0.171757 -1
0 -30.000000 30.000000 25.523327 0.350150 0.000500 -1
0 -32.315075 28.157537 27.523327 0.340160 0.029042 -1
0 -50.000000 30.000000 25.523327 0.250250 0.000499 -1
0 -48.315075 28.157537 27.523327 0.260240 0.029042 -1
0 -50.000000 20.000000 25.523327 0.250250 0.143214 -1
0 -48.315075 18.157537 27.523327 0.260240 0.171757 -1
0 -60.000000 20.000000 25.523327 0.200300 0.143214 -1
0 -59.486652 18.157537 27.523327 0.204438 0.171757 -1
0 -100.000000 -20.000000 25.523327 0.000500 0.714071 -1
0 -98.315079 -20.670889 27.523327 0.010490 0.725894 -1
0 -100.000000 -40.000000 25.523327 0.000500 0.999500 -1
0 -98.315079 -37.842464 27.523327 0.010490 0.970957 -1
0 80.000000 -40.000000 25.523327 0.899600 0.999500 -1
0 100.000000 -40.000000 25.523327 0.999500 0.999501 -1
0 80.828430 -38.000000 27.523327 0.903738 0.970958 -1
0 98.000000 -38.000000 27.523327 0.989510 0.970958 -1
41
0.500000 -0.500000 -0.707107
0.500000 -0.500000 -0.707107
0.500000 -0.500000 -0.707107
0.000000 -0.707107 -0.707107
0.707107 0.000000 -0.707107
-0.707107 0.000000 -0.707107
-0.500000 -0.500000 -0.707107
-0.500000 -0.500000 -0.707107
-0.500000 -0.500000 -0.707107
0.500000 0.500000 -0.707107
0.500000 0.500000 -0.707107
0.000000 0.707107 -0.707107
-0.500000 0.500000 -0.707107
-0.500000 0.500000 -0.707107
0.460082 -0.460082 0.759375
0.460082 -0.460082 0.759375
0.460082 -0.460082 0.759375
0.000000 -0.679825 0.733374
0.664528 0.020613 0.746979
0.686146 0.010311 0.727391
0.707107 0.000000 0.707107
0.000000 -0.707107 0.707107
-0.707107 0.000000 0.707107
-0.500000 -0.500000 0.707107
0.500000 0.500000 0.707107
0.500000 0.500000 0.707107
0.500000 0.500000 0.707107
0.000000 0.707107 0.707107
0.718324 -0.022995 0.695329
0.686757 -0.011510 0.726796
0.653735 0.000000 0.756723
0.000000 0.735480 0.677547
-0.764777 0.000000 0.644296
0.000000 0.735480 0.677547
-0.543329 0.543329 0.639990
-0.543329 0.543329 0.639990
-0.543329 0.543329 0.639990
-0.764777 0.000000 0.644295
0.000000 -0.679826 0.733374
0.000000 0.000000 1.000000
0.000000 0.000000 -1.000000
154
0 0 1 2 0 1 1 2
0 1 3 2 1 2 1 2
0 1 4 3 3 3 3 3
0 4 5 3 3 3 3 3
0 4 6 5 4 4 4 4
0 6 7 5 4 4 4 4
0 6 8 7 3 3 3 5
0 8 9 7 3 3 3 5
0 8 10 9 5 5 5 2
0 10 11 9 5 5 5 2
0 10 12 11 3 3 3 3
0 12 13 11 3 3 3 3
0 12 14 13 6 7 7 4
0 14 15 13 7 8 7 4
0 14 16 15 3 3 3 5
0 16 17 15 3 3 3 5
0 16 18 17 4 4 4 2
0 18 19 17 4 4 4 2
0 18 20 19 9 10 10 3
0 20 21 19 10 10 10 3
0 20 22 21 11 11 11 4
0 22 23 21 11 11 11 4
0 22 24 23 4 4 4 5
0 24 25 23 4 4 4 5
0 24 26 25 11 11 11 2
0 26 27 25 11 11 11 2
0 26 28 27 5 5 5 3
0 28 29 27 5 5 5 3
0 28 30 29 11 11 11 4
0 30 31 29 11 11 11 4
0 30 32 31 4 4 4 5
0 32 33 31 4 4 4 5
0 32 34 33 11 11 11 2
0 34 35 33 11 11 11 2
0 34 36 35 5 5 5 3
0 36 37 35 5 5 5 3
0 36 38 37 11 11 11 4
0 38 39 37 11 11 11 4
0 38 40 39 4 4 4 5
0 40 41 39 4 4 4 5
0 40 42 41 11 11 11 2
0 42 43 41 11 11 11 2
0 42 44 43 5 5 5 3
0 44 45 43 5 5 5 3
0 44 46 45 11 11 11 4
0 46 47 45 11 11 11 4
0 46 48 47 12 13 13 5
0 48 49 47 13 13 13 5
0 48 50 49 5 5 5 2
0 50 51 49 5 5 5 2
0 50 0 51 3 3 3 3
0 0 2 51 3 3 3 3
0 52 53 54 14 15 15 2
0 53 55 54 15 16 15 2
0 53 56 55 17 17 17 3
0 56 57 55 17 17 17 3
0 56 58 57 18 19 19 4
0 58 59 57 19 20 19 4
0 58 60 59 21 21 21 5
0 60 61 59 21 21 21 5
0 60 62 61 22 22 22 2
0 62 63 61 22 22 22 2
0 62 64 63 21 21 21 3
0 64 65 63 21 21 21 3
0 64 66 65 23 23 23 4
0 66 67 65 23 23 23 4
0 66 68 67 21 21 21 5
0 68 69 67 21 21 21 5
0 68 70 69 20 20 20 2
0 70 71 69 20 20 20 2
0 70 72 71 24 25 25 3
0 72 73 71 25 26 25 3
0 72 74 73 27 27 27 4
0 74 75 73 27 27 27 4
0 74 76 75 20 20 20 5
0 76 77 75 20 20 20 5
0 76 78 77 27 27 27 2
0 78 79 77 27 27 27 2
0 78 80 79 22 22 22 3
0 80 81 79 22 22 22 3
0 80 82 81 27 27 27 4
0 82 83 81 27 27 27 4
0 82 84 83 20 20 20 5
0 84 85 83 20 20 20 5
0 84 86 85 27 27 27 2
0 86 87 85 27 27 27 2
0 86 88 87 22 22 22 3
0 88 89 87 22 22 22 3
0 88 90 89 27 27 27 4
0 90 91 89 27 27 27 4
0 90 92 91 28 29 29 5
0 92 93 91 29 30 29 5
0 92 94 93 31 31 31 2
0 94 95 93 31 31 31 2
0 94 96 95 32 32 32 3
0 96 97 95 32 32 32 3
0 96 98 97 31 33 33 4
0 98 99 97 33 33 33 4
0 98 100 99 34 35 35 5
0 100 101 99 35 36 35 5
0 100 102 101 37 37 37 2
0 102 103 101 37 37 37 2
0 102 52 103 38 38 38 3
0 52 54 103 38 38 38 3
0 101 103 54 39 39 39 11
0 101 54 55 39 39 39 11
0 99 101 55 39 39 39 11
0 97 99 55 39 39 39 11
0 93 95 97 39 39 39 11
0 91 93 97 39 39 39 11
0 91 97 55 39 39 39 11
0 91 55 57 39 39 39 11
0 91 57 59 39 39 39 11
0 89 91 59 39 39 39 11
0 89 59 61 39 39 39 11
0 85 87 89 39 39 39 11
0 83 85 89 39 39 39 11
0 83 89 61 39 39 39 11
0 81 83 61 39 39 39 11
0 77 79 81 39 39 39 11
0 75 77 81 39 39 39 11
0 67 69 71 39 39 39 11
0 65 67 71 39 39 39 11
0 65 71 73 39 39 39 11
0 65 73 75 39 39 39 11
0 65 75 81 39 39 39 11
0 63 65 81 39 39 39 11
0 63 81 61 39 39 39 11
0 48 0 50 40 40 40 11
0 48 1 0 40 40 40 11
0 46 1 48 40 40 40 11
0 44 1 46 40 40 40 11
0 40 44 42 40 40 40 11
0 38 44 40 40 40 40 11
0 38 1 44 40 40 40 11
0 38 4 1 40 40 40 11
0 38 6 4 40 40 40 11
0 36 6 38 40 40 40 11
0 36 8 6 40 40 40 11
0 32 36 34 40 40 40 11
0 30 36 32 40 40 40 11
0 30 8 36 40 40 40 11
0 28 8 30 40 40 40 11
0 24 28 26 40 40 40 11
0 22 28 24 40 40 40 11
0 14 18 16 40 40 40 11
0 12 18 14 40 40 40 11
0 12 20 18 40 40 40 11
0 12 22 20 40 40 40 11
0 12 28 22 40 40 40 11
0 10 28 12 40 40 40 11
0 10 8 28 40 40 40 11
0 104 105 106 21 21 21 5
0 105 107 106 21 21 21 5
"top and bo" 0 1
52
0 -80.000000 -40.000000 -24.476673 0.100400 0.999500 -1
0 -40.000000 0.000001 -24.476673 0.300200 0.428643 -1
0 -80.000000 -40.000000 25.523327 0.100400 0.999500 -1
0 -40.000000 0.000001 25.523327 0.300200 0.428643 -1
0 -20.000000 0.000001 -24.476673 0.400100 0.428643 -1
0 -20.000000 0.000001 25.523327 0.400100 0.428643 -1
0 -20.000000 10.000001 -24.476673 0.400100 0.285928 -1
0 -20.315075 10.157538 25.523327 0.400100 0.285928 -1
0 20.000000 10.000001 -24.476673 0.599900 0.285928 -1
0 19.684923 10.157538 25.523327 0.599900 0.285928 -1
0 20.000000 0.000001 -24.476673 0.599900 0.428643 -1
0 19.684923 0.157538 25.523327 0.599900 0.428643 -1
0 40.000000 0.000001 -24.476673 0.699800 0.428643 -1
0 39.684921 0.157538 25.523327 0.699800 0.428643 -1
0 80.000000 -40.000000 -24.476673 0.899600 0.999500 -1
0 79.684921 -39.842464 25.523327 0.899600 0.999500 -1
0 100.000000 -40.000000 -24.476673 0.999500 0.999501 -1
0 99.684921 -39.842464 25.523327 0.999500 0.999501 -1
0 100.000000 -20.000000 -24.476673 0.999501 0.714072 -1
0 99.684921 -19.842463 25.523327 0.999501 0.714072 -1
0 60.000000 20.000000 -24.476673 0.799700 0.143214 -1
0 59.684925 20.157537 25.523327 0.799700 0.143214 -1
0 50.000000 20.000000 -24.476673 0.749750 0.143214 -1
0 49.684921 20.157537 25.523327 0.749750 0.143214 -1
0 50.000000 30.000000 -24.476673 0.749750 0.000500 -1
0 49.684921 30.157537 25.523327 0.749750 0.000500 -1
0 30.000000 30.000000 -24.476673 0.649850 0.000500 -1
0 29.684923 30.157537 25.523327 0.649850 0.000500 -1
0 30.000000 20.000000 -24.476673 0.649850 0.143214 -1
0 29.684923 20.157537 25.523327 0.649850 0.143214 -1
0 10.000000 20.000000 -24.476673 0.549950 0.143214 -1
0 9.684923 20.157537 25.523327 0.549950 0.143214 -1
0 10.000000 30.000000 -24.476673 0.549950 0.000500 -1
0 9.684923 30.157537 25.523327 0.549950 0.000500 -1
0 -10.000000 30.000000 -24.476673 0.450050 0.000500 -1
0 -10.315077 30.157537 25.523327 0.450050 0.000500 -1
0 -10.000000 20.000000 -24.476673 0.450050 0.143214 -1
0 -10.315077 20.157537 25.523327 0.450050 0.143214 -1
0 -30.000000 20.000000 -24.476673 0.350150 0.143214 -1
0 -30.315075 20.157537 25.523327 0.350150 0.143214 -1
0 -30.000000 30.000000 -24.476673 0.350150 0.000500 -1
0 -30.000000 30.000000 25.523327 0.350150 0.000500 -1
0 -50.000000 30.000000 -24.476673 0.250250 0.000499 -1
0 -50.000000 30.000000 25.523327 0.250250 0.000499 -1
0 -50.000000 20.000000 -24.476673 0.250250 0.143214 -1
0 -50.000000 20.000000 25.523327 0.250250 0.143214 -1
0 -60.000000 20.000000 -24.476673 0.200300 0.143214 -1
0 -60.000000 20.000000 25.523327 0.200300 0.143214 -1
0 -100.000000 -20.000000 -24.476673 0.000500 0.714071 -1
0 -100.000000 -20.000000 25.523327 0.000500 0.714071 -1
0 -100.000000 -40.000000 -24.476673 0.000500 0.999500 -1
0 -100.000000 -40.000000 25.523327 0.000500 0.999500 -1
24
0.707107 -0.707107 0.000000
0.000000 -1.000000 0.000000
1.000000 0.000000 0.000000
0.999875 0.015504 0.003101
0.999500 0.031003 0.006201
0.000000 -0.999995 0.003151
-0.999980 0.000000 -0.006301
-0.707105 -0.707105 -0.002228
-0.707105 -0.707105 -0.002228
-0.707105 -0.707105 -0.002228
0.000000 -0.999995 0.003151
0.999980 0.000000 0.006301
0.999980 0.000000 0.006301
0.707105 0.707105 0.002228
0.707105 0.707105 0.002228
0.707105 0.707105 0.002228
0.000000 0.999995 -0.003151
0.999980 0.000000 0.006301
0.999980 0.000000 0.006301
0.999867 -0.016000 0.003151
0.999488 -0.031995 0.000000
0.000000 1.000000 0.000000
-1.000000 0.000000 0.000000
-0.707107 0.707107 0.000000
52
0 0 1 2 0 0 0 7
0 1 3 2 0 0 0 7
0 1 4 3 1 1 1 8
0 4 5 3 1 1 1 8
0 4 6 5 2 3 3 9
0 6 7 5 3 4 3 9
0 6 8 7 5 5 5 10
0 8 9 7 5 5 5 10
0 8 10 9 6 6 6 7
0 10 11 9 6 6 6 7
0 10 12 11 5 5 5 8
0 12 13 11 5 5 5 8
0 12 14 13 7 8 8 9
0 14 15 13 8 9 8 9
0 14 16 15 10 10 10 10
0 16 17 15 10 10 10 10
0 16 18 17 11 11 11 7
0 18 19 17 11 12 11 7
0 18 20 19 13 14 14 8
0 20 21 19 14 15 14 8
0 20 22 21 16 16 16 9
0 22 23 21 16 16 16 9
0 22 24 23 11 11 11 10
0 24 25 23 11 11 11 10
0 24 26 25 16 16 16 7
0 26 27 25 16 16 16 7
0 26 28 27 6 6 6 8
0 28 29 27 6 6 6 8
0 28 30 29 16 16 16 9
0 30 31 29 16 16 16 9
0 30 32 31 17 17 17 10
0 32 33 31 17 17 17 10
0 32 34 33 16 16 16 7
0 34 35 33 16 16 16 7
0 34 36 35 6 6 6 8
0 36 37 35 6 6 6 8
0 36 38 37 16 16 16 9
0 38 39 37 16 16 16 9
0 38 40 39 18 19 19 10
0 40 41 39 19 20 19 10
0 40 42 41 21 21 21 7
0 42 43 41 21 21 21 7
0 42 44 43 22 22 22 8
0 44 45 43 22 22 22 8
0 44 46 45 21 21 21 9
0 46 47 45 21 21 21 9
0 46 48 47 23 23 23 10
0 48 49 47 23 23 23 10
0 48 50 49 22 22 22 7
0 50 51 49 22 22 22 7
0 50 0 51 1 1 1 8
0 0 2 51 1 1 1 8

Materials: 2
"front and back"
0.588235 0.588235 0.588235 1.000000
0.588235 0.588235 0.588235 1.000000
0.898039 0.898039 0.898039 1.000000
0.000000 0.000000 0.000000 1.000000
0.100000
1.000000
".\cage front.png"
""
"top"
0.588235 0.588235 0.588235 1.000000
0.588235 0.588235 0.588235 1.000000
0.898039 0.898039 0.898039 1.000000
0.000000 0.000000 0.000000 1.000000
0.100000
1.000000
"CAGE TOP.PNG"
""

Bones: 0
